274199		557	1022391164	137.917	137.831	-0.0353729	1.1594		-5.95156	0		284037		176	332192390	112.475	109.56	0.230181	-1.64979	30.8113		2		-36.76286   -50		 
273725		1403	2054397888	222.672	222.669	0.0048223	2.54884		-40.601		-1.6		284036		39	70165017	1102.02	1065.46	-0.261222	-2.38696	7.80604		1		-48.40704   -65		 
275125		368	698330596	80.8725	75.49	-0.375418	1.69724		-10.9307	0		284044		16	21942418	62.8668	62.474	0.112093	-0.91857	29.6244		2		-40.5551    -50		 
274161		320	553725753	221.683	221.318	-0.0574364	0.9586		9.19539		1		284043		123	191641286	144.571	138.686	-0.290301	-2.69379	-3.45449	0		12.64988    25		 
273158		960	1374406266	171.092	170.728	-0.0653439	0.618577	-5.84258	-0.2		284035		80	125067222	290.878	290.841	-0.0160238	-0.814163	-20.4286	0		14.58602    -5		 
273554		190	211210599	65.1571	65.0896	0.0455163	0.966412	7.96112		0.5		283946		787	1222490017	50.3322	50.0137	-0.112797	-1.09594	25.7405		2		-17.77938   -37.5	 
275311		762	929901812	160.153	159.69	0.0761856	2.54197		6.73612		0.2		283946		505	719930732	195.721	195.594	-0.0361317	-1.9664		11.0576		1		-4.32148    -20		 
273158		775	1135098434	131.153	131.077	-0.0340851	1.33709		6.21127		0.75		283934		727	1228500708	55.325	55.2759	-0.0421323	-1.18496	38.6584		2		-32.44713   -31.25	 
274146		7	7217943		88.6243	88.1741	0.101006	1.9378		-13.1998	0.166667	283877		793	1479210805	122.799	122.701	0.0398818	-2.67428	19.4824		2		-32.6822    -45.833325	 
273492		188	191474162	359.554	358.776	-0.0658396	1.23626		16.1329		1		283877		248	452062031	349.976	348.138	0.102715	-2.43751	-39.4176	0		55.5505	    25		 
273448		57	83658040	78.6356	77.7491	-0.150865	1.03962		-7.18408	-0.25		283877		108	195240736	160.913	160.261	0.0901846	-2.45943	22.1769		1.25		-29.36098   -37.5	 
274443		12	18544692	58.7164	58.1344	-0.141379	1.52594		-4.13266	0		283877		836	1552730557	69.8531	69.5177	-0.0981956	-1.09689	-5.60072	0		1.46806	    0		 
275001		177	268167495	76.7879	74.6199	-0.240478	1.51116		-17.9851	-0.166667	283877		1489	2611854636	60.7208	60.7042	0.0233848	-1.43787	16.7697		2		-34.7548    -54.166675	 
275376		2371	3415211084	118.072	117.974	-0.0407053	1.15723		-40.3403	-1.2		283877		609	1149852699	91.5033	90.3055	0.162697	-1.18026	20.5273		2		-60.8676    -80		 
274161		355	612958149	59.378	58.968	0.117856	2.44966		13.5486		0.166667	283865		1076	1930170933	476.138	475.322	-0.0585987	-2.52567	-1.29154	1		14.84014    -20.833325	 
273448		247	357646046	674.179	672.064	-0.0793129	2.57369		-25.5756	-1		283865		406	695857640	195.958	195.411	0.0748161	-1.49862	7.43755		1		-33.01315   -50		 
275319		270	274099311	140.074	139.965	-0.0395565	1.8084		-11.8637	-0.2		283865		549	954235087	310.543	303.004	-0.222606	-1.88379	0.134477	1		-11.998177  -30		 
273425		667	831395289	73.9585	70.6193	0.306321	1.02662		-23.7219	-0.8		283865		436	747383681	369.628	357.981	-0.254405	-0.712296	-0.587481	1		-23.134419  -45		 
273406		79	93051270	131.506	131.42	-0.0361988	0.898054	3.65044		0.4		283865		351	596719491	188.242	157.101	0.619681	-2.82523	11.4156		2		-7.76516    -40		 
273725		2235	3166061570	216.227	211.013	0.22185		0.445041	12.0267		0.8		283830		460	795901878	87.3102	86.0384	0.171725	-2.08628	24.3088		2		-12.2821    -30		 
274199		396	746426803	129.388	126.814	-0.201154	1.20641		2.44231		0.166667	283820		719	1268162805	56.9339	55.3003	0.242473	-1.22167	29.9354		2		-27.49309   -45.833325	 
273725		1102	1630604102	99.8207	97.402	0.222396	2.1171		-3.4017		0.75		283408		2235	3782533970	86.8185	84.3348	0.242104	-1.20986	19.9115		1		-23.3132    -6.25	 
274969		503	917437342	56.1428	55.8997	-0.0932395	2.35425		4.10856		-0.333333	283408		979	1656827602	94.0154	92.0672	-0.205357	-1.96267	35.7483		2		-31.63974   -58.333325	 
273425		392	480748347	95.2419	92.4513	-0.245086	0.564005	-3.25901	0		283353		284	396414657	81.0835	78.8801	0.235818	-1.68541	-17.7126	0		14.45359    0		 
274319		86	120046303	120.289	120.26	0.0221221	2.12646		-23.9804	-0.5		283353		263	358655814	58.3713	52.3454	0.475339	-2.29685	43.0143		3		-66.9947    -87.5	 
274998		332	576807631	126.334	122.613	-0.24577	1.38445		-4.40697	0		283308		129	241061802	80.7225	77.2278	-0.299713	-1.16504	-17.2309	0		12.82393    0		 
273158		922	1325349222	283.294	256.706	-0.451293	1.16416		-29.2187	-0.6		283308		75	136640889	157.075	155.445	0.144675	-2.18706	27.803		2		-57.0217    -65		 
274240		11	19209035	99.3417	99.2852	-0.0337373	1.17555		-5.38752	0		283283		199	414207670	991.975	947.796	0.30415		-0.868648	34.7725		2		-40.16002   -50		 
274316		397	718252888	53.4434	52.0342	-0.232209	0.717206	-5.11436	0		283270		1330	2253478421	3078.81	3078.74	0.0071635	-2.51364	17.9563		1.8		-23.07066   -45		 
275376		166	295212334	204.229	185.438	-0.44647	1.91338		-4.27197	0.333333	282923		179	355951871	112.099	108.586	-0.253685	-0.203981	9.75285		1		-14.02482   -16.666675	 
273730		1425	1444207444	73.0634	68.5031	0.362893	1.44934		-20.0839	-1		282919		71	138430625	51.0414	50.8025	0.0969444	-1.235		31.4191		2		-51.503	    -75		 
274969		739	1334194472	32134.1	31960	-0.104343	0.952207	6.76093		0		282814		1431	2670286067	167.816	156.53	-0.377496	-1.92427	26.4591		2		-19.69817   -50		 
274316		723	1237206468	69.6492	69.1081	0.125057	2.78118		-36.5787	-0.666667	282814		1095	1989524408	391.197	391.191	-0.00573182	-2.7635		23.9502		1.16667		-60.5289    -45.833425	 
274422		1733	2908961138	141.757	138.066	-0.230694	0.969422	20.8938		0.75		282735		1030	1910985732	65.4265	65.4155	-0.018347	-1.737		-4.09558	0.333333	24.98938    10.416675	 
273725		366	545215708	114.673	113.904	-0.11612	1.26057		0.236572	0		282092		1573	2585011877	161.875	159.95	-0.155002	-1.89271	25.2154		2		-24.978828  -50		 
274344		262	402199800	51.4497	50.8734	-0.150368	1.59927		5.24913		0.75		282092		2146	3547659174	72.25	70.129	0.245326	-2.76516	23.1523		1.8		-17.90317   -26.25	 
275068		519	987400393	107.078	107.076	-0.00548887	1.38095		-8.08312	0.166667	282092		1766	2864248605	148.376	145.51	0.198122	-1.20211	33.4336		2		-41.51672   -45.833325	 
275068		538	1018504203	142.983	141.073	0.16437		1.12109		-3.37761	0.666667	282037		942	1688161503	77.4121	71.2614	0.412549	-1.25393	30.529		2		-33.90661   -33.333325	 
273492		109	89414018	90.8919	90.8501	-0.0303443	0.998412	-24.9199	-0.4		282037		721	1303038846	276.659	271.526	0.194139	-0.732444	-10.8277	0.333333	-14.0922    -18.333325	 
273725		2027	2902555028	81.7215	75.9365	-0.3879		2.05694		2.43884		0.333333	282037		1567	2720203171	94.3659	84.3972	-0.481376	-2.42083	30.2338		2		-27.79496   -41.666675	 
275125		215	416895810	64.1729	61.1531	-0.312984	0.970213	-20.8814	-1		282037		544	988426137	394.944	390.112	-0.157237	-0.674648	4.25528		1		-25.13668   -50		 
274199		26	48952575	104.054	103.771	-0.0737943	1.30422		8.89887		0.8		282037		1103	1971702362	4199.26	4172.94	-0.112256	-0.34495	-2.44414	1		11.34301    -5		 
274335		820	1528515218	520.247	519.692	0.0462418	1.95487		-8.3347		-0.2		282037		480	875033554	67.5329	67.5039	0.0292966	-1.15275	19.6491		2		-27.9838    -55		 
273730		1025	1076235086	118.486	118.107	-0.0800821	0.942686	20.269		0.8		282037		1008	1808267176	58.014	57.0838	-0.180279	-2.3704		23.8739		2		-3.6049	    -30		 
273725		1432	2097645890	8292.49	7962.81	-0.286777	1.04242		-30.3125	-1		281976		1315	2351309643	114.431	113.806	-0.104801	-1.13912	17.7679		1		-48.0804    -50		 
273402		291	277467341	73.6718	73.5027	-0.0678032	1.75141		1.03307		0.333333	281797		1754	2971131242	145.845	145.365	-0.0812713	-1.20149	12.4597		2		-11.42663   -41.666675	 
274422		741	1295875345	123.416	123.056	0.0764518	2.05939		-10.5952	0		281797		1111	1816926970	189.532	185.121	-0.217864	-2.13135	-2.1146		0		-8.4806	    0		 
273730		208	230951151	381.369	379.054	-0.110456	1.01		-22.37		-0.166667	281727		407	642005281	73.7274	73.5604	0.0673705	-2.0555		34.3293		2		-56.6993    -54.166675	 
273158		86	136524885	1763.78	1723.43	-0.215978	0.668596	-58.6384	-1.6		281727		78	132207548	90.0056	87.4156	0.242833	-1.67382	-33.6048	0		-25.0336    -40		 
275311		1122	1319903772	247.485	240.276	-0.244366	1.904		9.17802		0.8		281727		1121	1901070676	57.6712	57.6692	0.00828223	-0.923469	18.2362		2		-9.05818    -30		 
273725		761	1160141876	58.1243	58.0401	0.0538583	1.50211		-1.01888	0		281727		1308	2202523652	102.325	97.1562	0.324761	-1.81902	-14.3999	0		13.38102    0		 
275370		306	437331874	180.923	168.551	0.38085		0.710525	21.5986		1.25		281707		214	193479086	205.041	199.933	0.225565	-1.56264	-14.0493	0.333333	35.6479	    22.916675	 
273447		352	563310365	458.189	453.35	-0.145987	1.50176		-36.4645	-1.5		281693		1725	3099833334	88.7944	88.2783	0.108073	-2.19177	14.8467		1		-51.3112    -62.5	 
274335		341	632694676	55.1187	55.0942	-0.0297967	2.26574		-0.693104	0		281693		237	445492853	107.623	103.957	-0.264826	-2.50751	27.7572		2		-28.450304  -50		 
273725		1157	1703804788	5344.7	5087.49	-0.316661	1.8359		-32.1165	-1		281641		144	237167966	305.005	296.543	-0.238327	-0.624266	17.3325		2		-49.449	    -75		 
273725		1247	1826639171	458.942	443.467	0.26342		0.285479	-32.9163	-0.8		281641		254	432134678	197.38	196.967	0.0647639	-0.54932	-17.5888	0.25		-15.3275    -26.25	 
274284		9	19206869	96.5974	89.2712	-0.402412	1.73554		11.5269		0.8		281613		894	632448866	70.5101	69.2722	-0.188775	-1.62293	-10.2365	0.25		21.7634	    13.75	 
275001		413	609820982	234.241	234.144	-0.0287993	0.779211	-10.2909	0		281613		484	300649762	65.2056	65.1496	-0.0414881	-1.95989	15.5888		1		-25.8797    -25		 
275073		422	753074162	124.291	104.952	0.598126	2.47894		9.45072		0.8		279823		268	380862042	388.89	388.414	0.0495022	-1.66669	27.873		2		-18.42228   -30		 
275001		1042	1450996730	230.703	230.305	-0.0587726	0.989596	-13.8929	-0.666667	279966		84	42899871	57.3778	57.2254	-0.072954	-0.857432	38.0222		2.33333		-51.9151    -74.999925	 
274250		574	1114361413	597.703	592.479	0.132696	2.46596		26.875		1.5		279794		271	377128672	4053.05	4044.42	-0.0653088	-2.78721	32.5894		2		-5.7144	    -12.5	 
273449		147	212446483	176.228	176.062	-0.0434893	1.1971		-3.78428	0.5		280364		385	727664244	137.299	136.502	0.107993	-0.674114	1.29884		1		-5.08312    -12.5	 
274441		284	464346241	85.9221	85.9218	0.00296549	2.58497		-34.9438	-1		279975		859	1455459560	66.1454	54.9131	-0.629175	-2.34329	23.1229		2		-58.0667    -75		 
274241		722	1199969103	159.275	158.903	0.0684099	2.25844		-4.39567	0.75		280385		586	1085856480	62.854	60.0187	0.306182	-0.709774	37.126		2		-41.52167   -31.25	 
273425		509	631689651	56.9826	55.8531	0.200772	2.5726		-20.3383	-0.166667	280385		140	257415477	56.6977	56.1729	0.136584	-2.21147	18.8787		1.8		-39.217	    -49.166675	 
275068		291	573836763	61.4547	61.3523	-0.0577684	0.512767	-36.4425	-1		280018		666	1155941112	264.129	259.624	-0.186013	-1.89337	15.5118		1		-51.9543    -50		 
275375		428	685060893	51.9936	50.5729	0.23648		2.41942		-4.7376		0.6		279931		395	591968620	73.5323	70.8233	-0.275714	-1.97481	18.4789		1.33333		-23.2165    -18.33325	 
273450		494	679127287	133.416	133.206	-0.0561676	1.166		-1.94313	0		279931		1293	2257850006	96.4019	95.6503	0.125278	-1.16471	0.995281	0.166667	-2.938411   -4.166675	 
274998		446	803189861	72.9446	63.589	-0.536011	2.20643		8.90966		0.833333	279654		1005	1918354165	62.545	62.2918	-0.0901198	-0.633737	-15.5847	0		24.49436    20.833325	 
274999		367	665911243	51.5216	50.6412	-0.186201	1.53758		-4.78572	0.2		279588		435	675122902	476.461	419.372	-0.516039	-2.00838	48.1336		2		-52.91932   -45		 
275375		411	651006437	190.584	190.536	0.0223296	1.19725		-33.7902	-1		280016		90	173405535	1047.94	1046.61	-0.0504514	-2.04145	20.003		1		-53.7932    -50		 
274422		1584	2682233242	115.387	115.386	-0.00349395	1.11879		-30.2463	-1.16667	280013		4	4773100		53.0468	53.0197	0.0319697	-0.68349	42.5448		2.4		-72.7911    -89.16675	 
274422		1686	2837933099	54.9412	54.9203	0.0275707	1.49998		4.81428		0.833333	279115		483	750336341	92.3604	92.3604	0.000744478	-1.26099	25.019		2		-20.20472   -29.166675	 
273725		331	488316338	220.585	209.428	-0.324988	2.85988		-20.1817	-0.25		279116		59	93698353	105.686	102.739	0.238961	-2.87381	8.15844		1		-28.34014   -31.25	 
275376		427	738686993	87.9904	83.5739	0.323688	0.934668	-4.6498		-0.2		279588		238	311759306	222.579	201.374	-0.454976	-2.04952	35.4604		2		-40.1102    -55		 
274441		229	376946055	84.7975	82.7308	-0.22306	1.6132		-5.24728	0.333333	279654		1058	2018623984	58.88	57.9625	0.177698	-1.18132	21.8738		2		-27.12108   -41.666675	 
274955		35	40013721	58.6435	58.6292	0.0221051	2.21934		19.0882		2		279588		560	920333751	52.6569	51.4873	-0.212748	-2.15366	34.0296		1.83333		-14.9414    4.16675	 
275375		808	1394027013	150.993	149.92	0.119605	1.91339		9.71197		0.5		279588		477	753641699	58.5325	52.0434	-0.494324	-1.78195	45.5342		2		-35.82223   -37.5	 
274421		163	315495740	60.162	59.9056	-0.092495	1.3077		0.749187	0.333333	278969		610	983453033	62.5402	62.5122	0.0299606	-2.2948		34.128		2		-33.378813  -41.666675	 
273302		301	377401844	267.114	264.746	0.133656	1.51654		27.0743		1.33333		280188		175	312594686	101.537	100.638	-0.133591	-2.23502	29.6251		2		-2.5508	    -16.66675	 
273730		1075	1123647658	96.3738	95.4683	0.137625	1.43607		-18.9747	0		280194		150	240255383	77.0893	68.7	0.489302	-0.630908	-2.10668	1		-16.86802   -25		 
274250		262	523952115	93.0661	90.4951	-0.237811	1.42358		-2.94518	0		280249		965	1758168182	100.416	97.2229	0.255586	-1.72294	27.0348		2		-29.97998   -50		 
275375		1190	2030884611	319.808	315.498	0.16511		0.921734	-1.19369	0.75		278822		1338	2259856534	476.5	464.956	-0.22238	-2.31425	19.149		2		-20.34269   -31.25	 
275375		1298	2238987611	110.463	109.663	0.120731	1.04487		-26.8255	-1.5		279767		417	716095494	78.531	78.3628	0.0655191	-2.01411	28.9615		2		-55.787	    -87.5	 
273302		362	450853566	65.7044	65.0624	-0.140366	1.53349		-6.69797	0.333333	279760		639	1056499363	114.343	112.503	0.180578	-2.74875	14.058		1		-20.75597   -16.666675	 
274388		1353	2434242201	108.96	108.195	0.118834	1.02686		-2.48695	0.5		279694		1848	3318483014	177.529	168.122	0.332991	-1.36645	-14.4984	0		12.01145    12.5	 
274388		1655	2926342498	58.9164	56.814	-0.271214	1.91381		4.9946		0.75		279694		286	517610159	57.5496	57.2153	-0.108047	-1.98164	18.975		1		-13.9804    -6.25	 
274157		284	376967617	173.548	134.349	-0.746451	1.6908		15.5857		1.5		279716		1591	2816265495	64.4208	64.1247	-0.0960767	-2.15169	28.2243		1.6		-12.6386    -2.5	 
273725		909	1366956872	60.8952	60.5877	0.100705	0.743544	12.6216		0.833333	279694		1531	2817895714	931.157	931.007	-0.0179555	-0.883614	24.5166		2		-11.895	    -29.166675	 
273725		1354	1983840172	138.134	137.883	-0.060424	2.0303		9.79698		1		278820		1470	2672088538	97.189	95.4336	-0.191511	-1.65576	0.0231481	0.5		9.7738319   12.5	 
274968		1159	2156293147	224.701	224.587	-0.0317833	1.14897		-7.46535	0.25		278874		283	548479505	189.235	185.837	0.190931	-1.19765	28.42		1.8		-35.88535   -38.75	 
274998		152	198681936	65.3757	63.4966	-0.242687	1.13922		-4.19599	0		278820		1026	1890336454	67.6065	64.1653	-0.326063	-1.68036	21.4246		1		-25.62059   -25		 
273503		110	127667383	62.3866	62.0941	0.0970326	0.34163		1.16709		0		278969		241	332723638	638.97	629.441	0.173783	-1.74802	8.94944		1		-7.78235    -25		 
275371		522	1010138489	112.079	112.039	-0.0267654	0.632806	12.4204		0.8		279766		1153	2050574627	60.1276	58.9301	0.201259	-1.57241	14.4465		1		-2.0261	    -5		 
275836		761	1362435686	71.1386	70.6488	-0.117679	1.79489		-25.1735	-0.666667	279841		1821	3171609168	124.828	119.002	0.311662	-1.92321	14.1458		1		-39.3193    -41.666675	 
275836		101	203067797	313.685	306.159	-0.221273	1.42766		-39.8841	-1.33333	279767		757	1246482928	87.1152	86.6723	-0.101055	-2.53913	32.3004		2		-72.1845    -83.33325	 
275890		1186	2242157398	196.841	188.921	0.288555	1.10233		-11.2325	0.2		280242		168	299975254	150.869	150.858	0.0118238	-1.45891	24.301		2		-35.5335    -45		 
275834		205	370303130	2524.9	2520.51	-0.0590215	1.00024		3.27238		0		280242		160	286541368	57.8526	57.5001	0.110674	-2.0981		35.815		2		-32.54262   -50		 
276243		207	373363347	204.306	194.705	0.312758	1.50106		11.3966		0.833333	279694		1935	3459497301	95.7917	89.7529	0.364807	-2.67065	-3.40231	0		14.79891    20.833325	 
276283		477	897072136	381.434	381.228	0.032878	2.44365		-7.13821	0.75		279694		2165	3906912311	275.662	272.622	-0.14918	-2.66402	19.4545		1.75		-26.59271   -25		 
276283		505	946183755	145.825	145.759	0.0299955	1.94074		-6.78136	0.2		280249		917	1678088076	679.691	671.096	0.15988		-1.1962		14.8817		1		-21.66306   -20		 
276097		148	276837978	50.5545	50.2836	0.10376		2.59517		-8.84081	0		280191		241	440993707	52.0989	51.9941	-0.0634933	-0.35446	22.9391		2		-31.77991   -50		 
275913		272	533657298	145.626	141.994	-0.225686	2.2185		-5.56932	0		279024		144	158600996	65.214	64.6672	0.129956	-1.97738	17.5877		1.6		-23.15702   -40		 
275836		1012	1840245808	50.3594	50.3589	0.00429944	2.08375		-19.6711	-1		279080		127	83564520	147.099	146.822	-0.0614591	-2.66295	20.3192		1		-39.9903    -50		 
275832		153	297727754	85.3103	83.2469	0.222189	1.49869		-23.199		0		278167		121	85396866	132.719	126.836	-0.303413	-1.13214	16.4432		2		-39.6422    -50		 
275912		58	104936159	65.0497	64.7077	0.102759	1.04894		-1.46903	0		278308		1291	2187908490	228.509	221.389	-0.252935	-1.32239	28.7223		1		-30.19133   -25		 
275837		295	479306207	80.2019	79.3966	-0.142305	0.92581		-6.33758	0		278509		1352	2286297205	113.868	107.613	0.339322	-1.09055	8.79493		1		-15.13251   -25		 
275837		418	662997210	141.011	135.486	-0.284618	2.48398		1.20793		0.5		278349		258	485885148	285.158	284.354	-0.0752137	-0.416711	11.9898		1.66667		-10.78187   -29.16675	 
276244		305	472029522	101.298	99.4666	-0.191578	0.738301	9.31519		0.6		278509		259	321865419	73.1124	72.75	0.0997681	-1.9984		-0.22336	1		9.53855	    -10		 
275847		652	847743952	63.1409	63.113	-0.0297725	0.499462	-15.758		-0.75		278406		1356	2395111383	94.7637	92.7929	-0.205736	-2.29399	-27.2185	-0.25		11.4605	    -12.5	 
275847		1445	1816620358	287.719	285.612	-0.121405	1.11776		-23.6737	-0.2		278406		448	687804758	598.233	597.419	0.0521966	-2.7285		-16.1284	0		-7.5453	    -5		 
275782		234	438259245	162.967	162.22	-0.095948	1.05723		-10.7326	0		278509		129	95446199	648.846	488.509	-0.789539	-1.13495	15.3267		1.66667		-26.0593    -41.66675	 
275918		97	170209468	70.7072	63.7529	-0.462936	1.40889		2.80455		0.25		278509		741	1182312223	62.8589	62.1387	0.152102	-0.679743	16.5617		2		-13.75715   -43.75	 
275890		643	1237340824	57.8363	56.8384	-0.187122	1.51732		13.3814		0.6		278808		1209	2092076542	67.3091	67.2189	0.0518075	-1.95274	12.4846		1		0.8968	    -10		 
275890		442	835497308	71.3749	68.3603	-0.295897	1.50962		-28.6443	-0.5		278346		82	149842098	79.5533	79.5308	0.0237992	-2.67055	18.9466		2		-47.5909    -62.5	 
275833		79	153680246	97.5388	97.4416	0.0446645	0.440435	-29.9878	-1		278808		465	876323153	454.976	454.486	0.0464241	-2.01375	19.8492		2		-49.837	    -75		 
276363		239	429594527	152.962	152.906	0.0271686	2.30645		2.00037		0.8		278808		353	658010888	54.2619	54.0219	-0.0942369	-2.14926	-18.6569	0		20.65727    20		 
276437		2044	3618828405	107.512	103.261	-0.285958	0.877275	7.18647		0.75		278349		598	1116198259	146.145	141.217	0.263411	-1.12729	12.4355		1		-5.24903    -6.25	 
276811		778	1415624137	105.15	105.15	0.00304727	1.40173		20.8768		0.8		278308		132	135215067	67.1719	67.1718	0.00205149	-2.40413	12.6839		2		8.1929	    -30		 
276437		2141	3795989312	129.086	129.01	-0.0343726	1.09197		3.93695		0.333333	278509		848	1381984601	82.9976	82.7053	-0.0840401	-1.57889	2.95044		1		0.98651	    -16.666675	 
276501		242	399568558	146.674	138.425	-0.343529	1.00974		10.1886		1		278167		347	535059790	62.7207	60.4794	0.271412	-2.23987	13.22		1		-3.0314	    0		 
276501		462	739974868	312.731	312.731	8.80E-05	0.182366	-46.945		-1.75		277992		278	313312986	152.828	152.67	0.0454578	-0.817496	17.49		2		-64.435	    -93.75	 
276811		2552	4001835797	84.0083	83.6979	-0.0860997	1.71294		-14.0491	-0.25		278018		393	735499172	230.182	229.935	-0.046366	-2.15438	15.8107		2		-29.8598    -56.25	 
276811		1377	2392352412	236.191	222.555	0.348293	2.75759		16.5441		1.25		278310		167	234062431	115.663	104.579	0.456428	-2.20519	42.5848		2		-26.0407    -18.75	 
276545		79	131131112	82.3837	81.4067	-0.154774	2.00019		2.87657		0.4		278345		651	1129701274	51.1956	51.1696	0.0318701	-1.19157	-10.0825	1.8		12.95907    -35		 
276543		96	184039593	65.8044	65.6355	-0.07173	1.13816		-16.7311	-0.4		278239		438	713333833	98.1347	94.7983	-0.264538	-2.17822	22.2127		2		-38.9438    -60		 
276384		616	908512663	119.03	114.704	0.273801	0.977233	12.0816		0.6		278018		161	284319425	57.1242	56.0289	-0.197407	-2.46153	8.87305		1.75		3.20855	    -28.75	 
276811		514	935744607	78.3969	76.6009	-0.216126	1.67854		-27.6577	-0.5		278018		262	480033820	50.2083	50.1195	0.0595377	-2.63981	29.4274		2		-57.0851    -62.5	 
276811		877	1587724935	85.2802	82.2567	-0.270308	1.43195		-32.6472	-0.333333	278018		37	69037717	153.056	152.809	0.0568166	-2.12886	20.2929		2		-52.9401    -58.333325	 
276775		451	712943237	108.436	108.424	0.0147363	2.06488		23.3341		0.8		278310		486	659022564	2039.97	1825.63	-0.479958	-1.58756	45.5543		2		-22.2202    -30		 
276542		259	371706039	61.6512	61.6168	0.0334244	0.558794	-23.3448	-1.16667	278308		852	1467429696	190.161	161.115	-0.591794	-1.52638	33.8955		1.66667		-57.2403    -70.8335	 
276501		46	73810985	107.214	105.811	0.162652	2.56963		-27.4231	-1		278308		465	786193291	69.9999	67.6357	-0.263638	-1.32724	33.39		1.75		-60.8131    -68.75	 
276545		13	21156926	90.571	87.8098	0.250125	1.31032		-5.00344	0		278308		585	1006387874	54.2347	54.2218	0.0218114	-2.4608		18.7053		2		-23.70874   -50		 
276586		254	451898001	71.854	65.059	0.453157	1.04319		18.4989		0.833333	278315		637	1073882914	11745	11208.5	0.308168	-2.65325	5.91431		1		12.58459    -4.166675	 
276363		676	1207337176	334.224	334.224	0.000157721	2.54063		-40.379		-1.5		278406		391	585094789	259.573	255.408	-0.180352	-2.23937	7.20083		1.8		-47.57983   -82.5	 
276776		585	992044385	251.494	251.046	0.0597185	1.64744		-7.58956	0		278406		663	1092542625	56.1395	56.1196	-0.0266706	-0.907684	30.9587		2		-38.54826   -50		 
276495		197	240914771	261.201	202.251	-0.746084	1.05068		22.0136		-1.75		278308		760	1313276372	154.68	150.087	-0.246783	-1.32329	48.5432		2		-26.5296    -93.75	 
276655		216	413432310	206.988	198.605	0.289522	0.96179		-27.616		0		276831		186	255334006	55.4356	54.7838	-0.154107	-1.22262	19.3195		2		-46.9355    -50		 
276525		655	1045743775	113.479	111.043	0.209099	1.62696		-2.27371	0.666667	276870		107	81273558	79.8251	69.7153	0.532241	-1.46024	7.82168		2		-10.09539   -33.333325	 
276495		253	341777517	133.165	112.617	0.595264	1.2862		-6.17211	0.6		276870		1373	2491425129	120.19	120.101	-0.0384856	-2.17764	4.39408		0.75		-10.56619   -3.75	 
276363		910	1643821458	94.8011	94.7994	0.00601586	2.00053		7.30282		1		277194		917	1590247602	78.6931	77.8884	0.143616	-2.29198	14.03		1		-6.72718    0		 
276807		157	193336271	97.9299	97.8811	0.0315827	1.08895		8.17715		0.8		276870		357	552735334	58.7319	57.9972	0.159012	-1.2155		27.5611		1		-19.38395   -5		 
276659		8	12239500	75.6716	72.8441	-0.277731	1.86192		-1.60812	0.666667	276870		1141	2030251714	50.3566	50.0804	0.104982	-0.64617	-17.9579	0		16.34978    16.666675	 
276543		131	251698873	60.6754	56.4669	-0.383726	0.695047	-5.90717	0		276870		1090	1925502568	118.905	118.881	0.0199365	-1.50733	33.292		2		-39.19917   -50		 
276501		1165	1956650118	81.3088	81.0284	0.0831712	2.8231		-13.6339	-0.166667	277087		1131	1220954920	64.8184	62.2805	0.284518	-1.3302		31.942		2		-45.5759    -54.166675	 
276363		1227	2188970449	216.548	191.016	0.511442	0.679349	-45.216		-1.33333	277069		324	485291940	103.08	103.078	0.00572027	-1.56388	-7.87665	0		-37.33935   -33.33325	 
276437		1893	3336519035	157.971	157.855	-0.0382351	0.786299	1.84489		0.75		277069		309	458978186	57.5287	57.5052	0.0285615	-0.633642	27.5865		2		-25.74161   -31.25	 
276582		836	1506255379	62.3692	58.2286	0.374919	1.70922		-3.24877	0		276870		2065	3742498723	75.521	75.1675	0.0969459	-1.42371	31.1002		2		-34.34897   -50		 
276501		589	949103375	2254.15	2199.73	0.221975	1.07061		1.20262		0.8		276950		1885	3338198441	64.2392	64.1748	0.0447721	-2.69524	-5.72814	0		6.93076	    20		 
276581		213	280296870	205.855	197.597	0.288125	1.16757		0.576121	0		277096		710	1269363852	75.925	75.4918	0.107083	-1.69491	35.8001		2		-35.223979  -50		 
276542		169	210860991	107.8	107.789	0.0145706	2.01058		-26.2949	-1.2		277072		264	457299578	76.4069	76.2424	0.0656791	-2.30134	6.0512		1		-32.3461    -55		 
276501		1425	2396437658	81.7951	81.7047	0.0470278	0.898174	-7.19459	0.166667	276870		2156	3912132670	802.024	801.288	0.0428337	-0.921023	42.5871		2		-49.78169   -45.833325	 
276948		360	685339358	132.305	128.618	0.238869	1.96596		-2.74962	0		276870		1402	2545240365	69.8311	69.831	0.00179896	-1.03026	44.3748		2		-47.12442   -50		 
277087		1049	1130672211	130.594	130.56	0.0227057	0.361466	3.47638		0.666667	276831		108	95772474	54.4958	52.3983	0.282007	-0.846128	34.2846		2		-30.80822   -33.333325	 
277096		1367	2370857780	193.293	187.376	0.25065		2.63312		-4.50066	0.4		276870		3104	5449460063	762.348	755.308	0.136429	-0.728175	27.3458		2		-31.84646   -40		 
277076		283	484506288	76.1714	75.4864	-0.134612	0.691972	4.53308		0.666667	276870		3022	5329025411	226.872	226.51	-0.0565565	-0.738657	44.9525		2		-40.41942   -33.333325	 
276870		2975	5258982478	146.82	146.679	-0.0439178	0.674127	-6.04995	0.333333	277070		123	222128866	276.917	276.239	0.0700064	-2.48832	30.8527		2		-36.90265   -41.666675	 
276870		618	1053320812	162.708	159.355	-0.204789	1.69457		22.4331		1		277112		30	18738175	137.827	136.041	-0.161836	-1.74615	29.4376		2		-7.0045	    -25		 
276831		1422	2560416012	548.401	545.841	0.0968026	1.41324		7.0125		0.5		277071		153	285101482	120.237	114.489	-0.31557	-1.08481	-9.64566	1		16.65816    -12.5	 
277076		443	751263547	72.5528	70.4183	-0.245605	1.91594		12.8486		0.8		276870		2611	4694389371	61.31	61.2947	0.0223918	-0.920594	36.2005		2		-23.3519    -30		 
276831		127	130555603	149.07	149.07	0.000522441	0.817816	5.58047		0.6		276870		2521	4544402705	173.133	171.813	-0.123867	-2.19082	5.15878		1		0.42169	    -10		 
276831		436	745636348	95.6985	93.4366	0.219596	1.14608		9.02402		1		276870		96	61950377	115.047	114.108	0.128199	-1.40922	39.1852		2		-30.16118   -25		 
276950		2069	3594728310	71.3587	69.2198	-0.247958	1.14284		4.32083		0.5		277096		205	382686867	62.6932	62.6902	0.00986091	-1.93858	45.6296		2		-41.30877   -37.5	 
276870		684	1182042589	103.824	103.819	-0.00974208	1.75634		9.8284		0.333333	277096		203	379484137	64.3568	64.3353	-0.0258407	-3.00842	11.295		2		-1.4666	    -41.666675	 
276870		2415	4367040736	113.823	113.819	-0.00809848	1.72582		21.8139		0.75		277070		692	1292710705	64.8137	60.715	0.365407	-1.35791	-24.1648	1		45.9787	    -6.25	 
277168		692	1302216381	87.3828	85.391	0.215569	0.529884	-1.5638		-0.333333	276870		1549	2812742699	50.7313	50.7271	0.0128682	-0.589639	23.8881		1		-25.4519    -33.333325	 
276834		432	604126421	87.3185	87.3139	0.0103582	0.681965	-7.35927	0		276870		873	1529541541	119.663	118.141	0.160365	-1.54605	22.8201		1		-30.17937   -25		 
276870		1989	3597553487	841.48	841.326	-0.0191465	2.59684		-22.5989	-1.33333	276870		2318	4199977688	69.4033	65.2861	-0.353304	-0.885297	43.1236		2		-65.7225    -83.33325	 
277127		442	832873938	168.818	167.19	-0.139434	1.56192		-39.4458	-1.2		276870		2189	3971449677	728.774	719.428	-0.161013	-0.907275	34.5996		2		-74.0454    -80		 
276870		573	962804760	75.2158	75.1946	0.0237102	2.14336		-1.19506	0.2		276870		2570	4626594099	64.4559	62.056	0.277226	-0.834195	43.0261		2		-44.22116   -45		 
277087		392	366356690	55.0313	54.7979	-0.092261	0.944447	5.64848		0.5		277096		1209	2116514529	52.2017	50.5181	0.257457	-1.63087	-31.8753	0		37.52378    12.5	 
276831		2225	4020600365	63.7013	60.1408	0.342427	0.99004		-40.6122	-1.16667	277166		290	417172301	376.974	331.723	0.516563	-1.30145	12.3706		2		-52.9828    -79.16675	 
276831		1204	2184814035	62.55	59.8245	0.300723	1.23763		-4.74163	0		276831		610	1058711888	149.35	143.726	-0.278851	-2.52973	19.5189		1.75		-24.26053   -43.75	 
277087		616	645822088	83.4534	80.8082	-0.255173	1.90952		20.8653		0.75		276870		2499	4509251561	831.064	831.064	0.000519646	-0.611878	28.3191		2		-7.4538	    -31.25	 
276870		904	1584379242	67.6224	67.6218	0.00392615	1.9672		-6.86918	-0.166667	276870		2494	4500020650	87.624	87.6234	0.00393606	-0.89101	35.7763		2		-42.64548   -54.166675	 
276870		2494	4500020650	95.7721	95.7635	-0.013388	2.23827		19.0897		0.25		276870		904	1584379242	96.8082	96.8073	-0.00430682	-1.13317	11.585		1		7.5047	    -18.75	 
276870		2499	4509251561	206.751	206.729	-0.0143654	2.53271		9.38042		0.6		277087		616	645822088	374.042	360.654	0.271642	-1.23985	34.9281		2		-25.54768   -35		 
276831		610	1058711888	180.758	173.953	0.278814	0.616938	2.3255		0		276831		1204	2184814035	66.3413	64.8239	-0.215951	-1.93131	14.6727		1		-12.3472    -25		 
277166		290	417172301	266.118	233.814	-0.519793	1.85844		2.86924		0.8		276831		2225	4020600365	61.71	58.232	-0.34392	-2.12205	-30.1087	0		32.97794    20		 
277096		1209	2116514529	63.3373	61.2592	-0.259739	1.50636		-51.5288	-1.5		277087		392	366356690	79.4277	79.1098	0.0896169	-2.20516	24.7491		2		-76.2779    -87.5	 
276870		2570	4626594099	126.172	121.296	-0.282607	2.29773		25.4963		1		276870		573	962804760	117.347	117.337	-0.0129743	-1.01506	18.1343		1.33333		7.362	    -8.33325	 
276870		2189	3971449677	136.883	135.254	0.155049	2.24713		15.7551		0.333333	277127		442	832873938	251.31	248.827	0.141155	-1.60082	-23.1576	0		38.9127	    8.333325	 
276870		2318	4199977688	95.2891	89.4064	0.360799	2.25078		25.4959		0.75		276870		1989	3597553487	99.1154	99.0987	0.0183623	-0.543379	-4.36965	0		29.86555    18.75	 
276870		873	1529541541	186.211	183.865	-0.159583	1.59503		4.50222		0.166667	276834		432	604126421	131.815	131.798	-0.0162946	-2.49767	12.3676		1		-7.86538    -20.833325	 
276870		1549	2812742699	62.4767	62.4736	-0.0100494	2.55917		4.14083		0		277168		692	1302216381	57.9548	56.5931	-0.218934	-2.56811	16.5988		1		-12.45797   -25		 
277070		692	1292710705	92.4354	86.9774	-0.352437	1.79549		-16.9663	-0.25		276870		2415	4367040736	61.69	61.6875	0.00899931	-1.42662	40.692		2		-57.6583    -56.25	 
277096		203	379484137	240.642	240.538	0.0294349	0.0962203	20.624		0.8		276870		684	1182042589	55.962	55.9591	0.010193	-1.39023	24.7158		1.4		-4.0918	    -15		 
277096		205	382686867	62.3489	62.3478	-0.00598448	1.17426		25.8599		1		276950		2069	3594728310	68.1004	66.1549	0.241929	-1.96907	21.0554		2		4.8045	    -25		 
276870		96	61950377	86.5411	85.8781	-0.124174	1.73881		21.1742		0.8		276831		436	745636348	66.4388	64.9525	-0.213529	-2.01686	22.0482		2		-0.874	    -30		 
276870		2521	4544402705	193.905	192.488	0.12125		0.94762		-12.4616	0		276831		127	130555603	52.7254	52.7172	0.0176		-2.29746	24.965		2		-37.4266    -50		 
276870		2611	4694389371	68.5695	68.5563	-0.0196067	2.23541		17.1972		0		277076		443	751263547	56.3216	54.5987	0.250562	-1.22427	30.4907		2		-13.2935    -50		 
277071		153	285101482	321.29	306.3	0.311591	2.01107		-25.9913	-0.666667	276831		1422	2560416012	57.1573	56.9022	-0.0946664	-1.73786	26.8063		1.66667		-52.7976    -58.333425	 
277112		30	18738175	511.224	504.533	0.162683	1.38956		13.9251		0.25		276870		618	1053320812	180.137	176.378	0.206079	-1.46138	38.6223		2		-24.6972    -43.75	 
277070		123	222128866	54.2313	54.1021	-0.0690892	0.62015		12.9988		1		276870		2975	5258982478	1144.43	1137.8	0.107881	-2.43222	12.8672		1		0.1316	    0		 
276870		3022	5329025411	115.558	115.363	0.0580948	2.37314		34.5092		1		277076		283	484506288	79.058	78.3603	0.13335		-2.43308	24.0572		2		10.452	    -25		 
276870		3104	5449460063	124.029	122.815	-0.140509	2.44481		12.0613		0.75		277096		1367	2370857780	92.4797	89.7224	-0.247287	-0.549418	4.65614		2		7.40516	    -31.25	 
276831		108	95772474	103.707	99.8555	-0.276848	2.2866		19.5992		0.8		277087		1049	1130672211	93.3868	93.3822	-0.00988166	-2.77815	20.4114		2		-0.8122	    -30		 
276870		1402	2545240365	118.494	118.494	0.000108953	2.08735		26.9267		0.8		276948		360	685339358	94.3964	91.7801	-0.238207	-1.19261	15.2442		1		11.6825	    -5		 
276870		2156	3912132670	240.969	240.739	-0.0436239	2.2251		25.0593		0.5		276501		1425	2396437658	51.189	51.1303	-0.0479187	-2.264		12.6019		1.16667		12.4574	    -16.66675	 
277072		264	457299578	138.266	138.039	-0.0573057	0.818767	-11.7936	0		276542		169	210860991	109.979	109.966	-0.015262	-1.13084	-13.4021	0		1.6085	    0		 
277096		710	1269363852	60.9248	60.6237	-0.0996265	1.44432		17.7324		1		276581		213	280296870	1896.36	1840.49	-0.245799	-2.0038		17.4416		2		0.2908	    -25		 
276950		1885	3338198441	86.6222	86.5397	-0.0436573	0.448041	-21.6527	-1		276501		589	949103375	249.424	243.22	-0.225393	-2.07841	-17.5027	2		-4.15	    -75		 
276870		2065	3742498723	187.418	186.57	-0.0953035	1.73293		11.3649		0.5		276582		836	1506255379	169.3	157.968	-0.376534	-1.49067	13.4682		1		-2.1033	    -12.5	 
277069		309	458978186	61.6751	61.6257	0.0400315	2.52402		10.843		1		276437		1893	3336519035	242.335	242.216	0.031376	-2.34863	18.4962		2		-7.6532	    -25		 
277069		324	485291940	50.3873	50.3868	-0.00429563	1.57139		-26.9211	-1		276363		1227	2188970449	77.501	68.3707	-0.511214	-2.4671		-26.1259	0		-0.7952	    -25		 
277087		1131	1220954920	112.806	108.441	-0.282779	1.80926		12.5173		1.25		276501		1165	1956650118	81.571	81.286	-0.0837181	-0.375395	1.09149		1		11.42581    6.25	 
276870		1090	1925502568	64.0082	63.9883	-0.024949	1.63302		17.6797		1		276543		131	251698873	93.7807	86.9091	0.395084	-2.43764	12.3639		2		5.3158	    -25		 
276870		1141	2030251714	75.5792	75.1427	-0.107736	2.48998		-35.0386	-1.16667	276659		8	12239500	56.3736	54.2832	0.276642	-1.25993	16.1575		2		-51.1961    -79.16675	 
276870		357	552735334	55.0086	54.3692	-0.153214	1.95948		8.22781		-0.2		276807		157	193336271	100.777	100.731	-0.0300919	-2.0594		26.3236		2		-18.09579   -55		 
277194		917	1590247602	8102.4	8034.75	-0.129672	0.855363	-3.905		-0.166667	276363		910	1643821458	148.112	148.105	-0.00922537	-1.14381	26.6253		2		-30.5303    -54.166675	 
276870		1373	2491425129	115.327	115.203	0.0462762	0.961823	-12.4565	-0.5		276495		253	341777517	144.505	117.067	-0.671944	-1.85648	10.9305		2		-23.387	    -62.5	 
276870		107	81273558	264.116	231.053	-0.528793	1.69156		5.17113		0.666667	276525		655	1045743775	102.99	100.744	-0.210798	-1.53597	12.5383		1.5		-7.36717    -20.833325	 
276831		186	255334006	109.632	108.457	0.147053	1.89124		0.258728	0.75		276655		216	413432310	209.958	201.605	-0.286861	-2.18378	-10.3303	1		10.589028   -6.25	 
278308		760	1313276372	55.2865	53.8029	0.234305	1.80066		72.5918		0.5		276495		197	240914771	76.8869	60.5895	0.71794		-2.04642	-9.32943	0		81.92123    12.5	 
278406		663	1092542625	99.899	99.8604	0.0277862	2.21248		12.8769		1		276776		585	992044385	489.429	489.199	0.0306734	-1.46181	10.9336		1.16667		1.9433	    -4.16675	 
278406		391	585094789	472.793	465.46	0.17728		0.907679	-6.93903	0.666667	276363		676	1207337176	71.6597	71.6594	-0.00317014	-0.601883	-23.4995	0		16.56047    16.666675	 
278315		637	1073882914	332.274	317.499	-0.303902	0.473233	-11.2692	-0.4		276586		254	451898001	56.7975	51.2004	-0.463429	-2.10093	32.1477		2.66667		-43.4169    -76.66675	 
278308		585	1006387874	51.9946	51.9708	-0.0302571	0.60472		0.410727	0.2		276545		13	21156926	696.598	674.866	-0.253102	-1.78688	12.9777		1.5		-12.566973  -32.5	 
278308		465	786193291	190.095	183.371	0.270006	1.79211		62.8349		0		276501		46	73810985	172.377	170.185	-0.160318	-0.574388	-14.0659	0		76.9008	    0		 
278308		852	1467429696	247.672	209.795	0.59221		1.62298		52.3321		-0.25		276542		259	371706039	129.72	129.667	-0.0286195	-2.57982	-5.07377	0		57.40587    -6.25	 
278310		486	659022564	136.734	122.267	0.481785	1.5682		69.5161		0.666667	276775		451	712943237	1113.62	1113.45	-0.0171201	-1.07432	39.7951		2		29.721	    -33.333325	 
278018		37	69037717	215.919	215.476	-0.0641694	1.01504		0.379222	0.666667	276811		877	1587724935	77.2296	74.5437	0.267641	-1.70098	-14.9152	0.666667	15.294422   0		 
278018		262	480033820	54.5757	54.4528	-0.0671603	0.52303		9.81529		0.6		276811		514	935744607	114.469	111.755	0.219927	-1.46227	-7.73913	0.666667	17.55442    -1.666675	 
278018		161	284319425	158.422	154.891	0.213114	0.699381	-9.78221	0		276384		616	908512663	316.655	304.675	-0.279526	-2.23897	31.9719		2		-41.75411   -50		 
278239		438	713333833	234.141	225.68	0.272976	0.970961	3.3326		0.6		276543		96	184039593	65.4356	65.2978	0.0649629	-2.0162		0.636131	1		2.696469    -10		 
278345		651	1129701274	186.297	186.264	-0.0189627	1.88944		-14.6588	0.25		276545		79	131131112	56.7495	56.0175	0.161483	-1.14996	19.255		1.25		-33.9138    -25		 
278310		167	234062431	5291.11	4784.12	-0.456406	0.964188	25.5656		1		276811		1377	2392352412	139.214	131.624	-0.337975	-0.373139	33.9757		3		-8.4101	    -50		 
278018		393	735499172	183.933	183.932	0.00321286	1.01791		-0.190439	0.5		276811		2552	4001835797	173.64	173.047	0.0828027	-1.41436	-3.59949	1		3.409051    -12.5	 
277992		278	313312986	117.882	117.753	-0.046796	2.33377		0.0704403	0.2		276501		462	739974868	95.0915	95.0901	-0.00537847	-2.99738	-27.6335	0		27.7039403  5		 
278167		347	535059790	75.097	72.4921	-0.267281	0.902308	-5.75348	0.166667	276501		242	399568558	186.065	175.642	0.342813	-2.1384		26.5137		2		-32.26718   -45.833325	 
278509		848	1381984601	1189	1184.68	0.0853235	1.51996		-14.9188	-0.4		276437		2141	3795989312	254.73	254.602	0.0317864	-2.02064	22.5032		1.8		-37.422	    -55		 
278308		132	135215067	116.943	116.943	-0.00331141	0.733656	1.68033		0.2		276811		778	1415624137	124.571	124.571	0.00270375	-1.72047	38.2835		2		-36.60317   -45		 
278349		598	1116198259	251.377	243.704	-0.250275	2.02469		-7.24726	0.2		276437		2044	3618828405	118.211	113.491	0.287413	-2.26341	26.9761		2		-34.22336   -45		 
278808		353	658010888	85.6685	85.2	0.10482		0.980748	-37.3757	-1.2		276363		239	429594527	81.2749	81.2744	-0.00350596	-0.843792	20.1502		2		-57.5259    -80		 
278808		465	876323153	2052.8	2051.02	-0.0416221	1.11697		1.16372		0.4		275833		79	153680246	106.493	106.387	-0.0445978	-2.69832	-13.6913	0		14.85502    10		 
278346		82	149842098	90.0825	90.0501	-0.0268212	0.446088	0.0308275	0.4		275890		442	835497308	214.788	205.524	0.299122	-1.66308	-15.4681	0.75		15.4989275  -8.75	 
278808		1209	2092076542	83.4354	83.3339	-0.0493377	1.20072		-0.449518	-0.2		275890		643	1237340824	64.3203	63.1468	0.192489	-1.62383	24.3925		1.66667		-24.842018  -46.66675	 
278509		741	1182312223	138.52	137.026	-0.147546	2.44444		-0.591148	0		275918		97	170209468	68.5532	61.8309	0.462182	-1.74858	22.0211		2		-22.612248  -50		 
278509		129	95446199	102.21	76.285	0.802712	2.0129		2.41047		-0.2		275782		234	438259245	52.6969	52.4363	0.0996544	-2.05951	7.41862		1		-5.00815    -30		 
278406		448	687804758	118.614	118.456	-0.0517684	0.40587		-31.6628	-1		275847		1445	1816620358	335.915	333.422	0.122191	-2.01625	-4.40213	1		-27.26067   -50		 
278406		1356	2395111383	94.51	92.2777	0.219517	0.850362	-47.1044	-1.5		275847		652	847743952	389.771	389.608	0.0289236	-2.63795	-4.73339	0.166667	-42.37101   -41.666675	 
278509		259	321865419	80.1491	79.7404	-0.101199	1.14191		-17.5122	-0.2		276244		305	472029522	56.3689	55.4218	0.184612	-2.40153	28.9926		2		-46.5048    -55		 
278349		258	485885148	235.495	234.934	0.0691181	2.73876		-7.22498	0		275837		418	662997210	1201.32	1154.21	0.284769	-0.639892	18.3927		2		-25.61768   -50		 
278509		1352	2286297205	122.185	115.596	-0.336049	2.04294		-10.5493	0		275837		295	479306207	82.7541	81.8978	0.14448		-2.20476	11.2768		1.75		-21.8261    -43.75	 
278308		1291	2187908490	77.6396	75.0625	0.261297	1.74263		55.1089		-0.2		275912		58	104936159	71.5733	71.2114	-0.100779	-2.06624	12.1983		2		42.9106	    -55		 
278167		121	85396866	64.5688	61.7864	0.298992	2.0178		4.81936		0.4		275832		153	297727754	59.3938	57.9802	-0.220374	-1.65026	-4.4763		1		9.29566	    -15		 
279080		127	83564520	201.49	201.116	0.0609914	0.477919	0.517287	0.4		275836		1012	1840245808	160.63	159.814	-0.101018	-1.06256	-6.39583	0		6.913117    10		 
279024		144	158600996	78.0494	77.3927	-0.130183	1.14345		-1.60347	0.25		275913		272	533657298	12382.8	12143.7	0.198127	-0.972422	13.9959		1		-15.59937   -18.75	 
280191		241	440993707	136.435	136.188	0.060165	2.74474		4.72653		0.8		276097		148	276837978	164.675	163.711	-0.108463	-0.550934	9.94915		1.25		-5.22262    -11.25	 
280249		917	1678088076	82.5123	81.4957	-0.157782	1.9534		-2.9523		0.166667	276283		505	946183755	8892.48	8888.13	-0.0312918	-1.21441	4.56602		1.8		-7.51832    -40.833325	 
279694		2165	3906912311	590.37	584.091	0.1465		0.485304	0.103214	0		276283		477	897072136	124.714	124.684	-0.0220521	-0.699709	11.6061		1.4		-11.502886  -35		 
279694		1935	3459497301	481.326	451.452	-0.361822	0.46875		-21.4364	-0.5		276243		207	373363347	70.2783	67.0372	-0.309721	-1.66969	27.3377		2		-48.7741    -62.5	 
280242		160	286541368	66.2251	65.8017	-0.11338	1.04708		16.6376		1		275834		205	370303130	120.348	120.128	0.0605216	-2.142		21.3694		1		-4.7318	    0		 
280242		168	299975254	212.831	212.826	-0.00720253	1.73866		4.68311		0.6		275890		1186	2242157398	731.7	701.631	-0.291732	-2.05351	8.52786		1.2		-3.84475    -15		 
279767		757	1246482928	225.663	224.501	0.101716	0.611715	15.6151		1		275836		101	203067797	117.207	114.428	0.219972	-1.71275	-21.1925	0		36.8076	    25		 
279841		1821	3171609168	174.448	166.465	-0.308487	1.21903		-2.3966		0		275836		761	1362435686	242.845	239.239	0.173418	-1.32506	-6.54255	1		4.14595	    -25		 
279766		1153	2050574627	69.1829	67.793	-0.202149	1.59424		-5.52457	0		275371		522	1010138489	64.1108	64.0918	0.0243412	-2.50918	32.2569		2		-37.78147   -50		 
278969		241	332723638	168.578	166.129	-0.17151	1.38506		-4.87121	0.25		273503		110	127667383	101.821	101.64	-0.0597929	-2.83503	18.4029		1		-23.27411   -18.75	 
278820		1026	1890336454	2010.37	1908.8	0.3248		1.48322		1.62409		-0.25		274998		152	198681936	133.693	130.658	0.215117	-2.01441	15.1348		1		-13.51071   -31.25	 
278874		283	548479505	76.5576	75.2031	-0.189508	1.94		8.8812		0.8		274968		1159	2156293147	69.9105	69.8766	0.0311418	-1.98041	11.0978		1.2		-2.2166	    -10		 
278820		1470	2672088538	1819.86	1785.53	0.195777	1.49366		-16.2274	-0.75		273725		1354	1983840172	97.3303	97.1494	0.0610111	-1.10781	28.7274		2		-44.9548    -68.75	 
279694		1531	2817895714	249.401	249.35	0.020208	2.28588		6.82299		0.75		273725		909	1366956872	302.007	300.458	-0.101499	-2.45642	30.3023		2		-23.47931   -31.25	 
279716		1591	2816265495	68.2842	67.988	0.0933016	0.99139		8.69795		0		274157		284	376967617	67.8001	52.6839	0.740492	-1.4247		-0.116791	3		8.814741    -75		 
279694		286	517610159	51.7806	51.4587	0.11178		1.15278		-0.519184	0		274388		1655	2926342498	64.8363	62.4743	0.274118	-1.23122	23.2954		2		-23.814584  -50		 
279694		1848	3318483014	113.165	107.012	-0.337499	1.7611		-33.5762	-1		274388		1353	2434242201	69.3044	68.833	-0.116968	-2.12273	16.6076		1.4		-50.1838    -60		 
279760		639	1056499363	157.476	154.863	-0.183438	0.389611	-2.92025	0		273302		362	450853566	74.5111	73.7968	0.139016	-1.60321	1.38159		1		-4.30184    -25		 
279767		417	716095494	478.529	477.402	-0.0686802	1.14984		11.7602		0.8		275375		1298	2238987611	285.722	283.694	-0.119502	-2.07173	-8.91625	0		20.67645    20		 
278822		1338	2259856534	111.258	108.657	0.218364	0.768098	2.01739		0.4		275375		1190	2030884611	60.6823	59.8088	-0.170699	-2.21754	15.8361		2		-13.81871   -40		 
280249		965	1758168182	4442.38	4297.37	-0.259056	1.4326		8.36573		0.5		274250		262	523952115	56.5321	54.9296	0.240967	-1.67804	16.609		1.33333		-8.24327    -20.83325	 
280194		150	240255383	142.838	128.43	-0.469356	2.53198		-16.4523	0		273730		1075	1123647658	587.92	582.25	-0.139436	-1.70136	-1.82831	1		-14.62399   -25		 
280188		175	312594686	165.309	165.201	0.0362342	0.92979		9.76525		1		273302		301	377401844	294.703	292.211	-0.130493	-1.63054	45.0255		2.16667		-35.26025   -29.16675	 
278969		610	983453033	66.1105	66.0196	-0.0524673	0.846484	16.2636		0.8		274421		163	315495740	93.9949	93.5825	0.0938437	-1.77401	17.6876		2		-1.424	    -30		 
279588		477	753641699	60.6005	53.7119	0.501197	1.32996		71.3844		1		275375		808	1394027013	130.723	129.859	-0.115285	-1.2292		27.458		2		43.9264	    -25		 
279588		560	920333751	73.1284	71.5694	0.208349	1.00412		53.6222		0		274955		35	40013721	117.337	117.309	-0.0218654	-0.908373	30.3271		3		23.2951	    -75		 
279654		1058	2018623984	61.5868	60.6477	-0.175759	1.97132		2.56241		0.4		274441		229	376946055	64.803	63.2318	0.222469	-1.52334	11.1423		1.25		-8.57989    -21.25	 
279588		238	311759306	171.925	155.527	0.455269	1.10859		49.4664		0		275376		427	738686993	135.067	128.721	-0.312717	-2.20916	1.58674		2		47.87966    -50		 
279116		59	93698353	155.113	150.965	-0.233884	0.254057	-10.0007	-0.25		273725		331	488316338	469.907	455.152	0.253942	-0.306116	-3.03502	1		-6.96568    -31.25	 
279115		483	750336341	198.78	198.78	-0.00159392	1.8501		9.14793		0.666667	274422		1686	2837933099	53.7387	53.7215	-0.025359	-1.68099	22.4868		2		-13.33887   -33.333325	 
280013		4	4773100		56.1974	56.1744	-0.0286349	2.46117		23.5714		1.4		274422		1584	2682233242	52.2175	52.2161	0.00731657	-2.02298	-11.9565	0		35.5279	    35		 
280016		90	173405535	327.837	327.438	0.0493721	1.10021		1.66966		0.2		275375		411	651006437	92.2749	92.2476	-0.0243402	-1.93261	-14.0591	0		15.72876    5		 
279588		435	675122902	109.101	95.9401	0.517982	1.17099		60.929		0.333333	274999		367	665911243	69.6648	68.4422	0.188732	-1.6016		5.02185		1		55.90715    -16.666675	 
279654		1005	1918354165	158.806	158.141	0.0916716	2.50761		-34.4218	-1.2		274998		446	803189861	102.544	86.5185	0.599621	-0.881589	28.793		2		-63.2148    -80		 
279931		1293	2257850006	92.2537	91.2757	-0.146257	1.98841		-15.4063	-1		273450		494	679127287	127.303	127.107	0.0554717	-1.96068	17.0234		1		-32.4297    -50		 
279931		395	591968620	229.218	220.822	0.274889	1.16524		-0.818552	0.2		275375		428	685060893	68.0388	66.3122	-0.227702	-0.722549	12.6569		2		-13.475452  -45		 
280018		666	1155941112	128.996	126.832	0.184455	1.31142		-3.73348	0.25		275068		291	573836763	56.4269	56.3449	0.053946	-2.64361	-17.7398	0		14.00632    6.25	 
280385		140	257415477	53.107	52.6891	-0.12586	0.936943	-0.147594	0.75		273425		509	631689651	55.2896	54.5635	-0.162956	-0.550119	-1.92228	1		1.774686    -6.25	 
280385		586	1085856480	187.091	178.567	-0.30776	2.40048		18.797		1		274241		722	1199969103	56.8167	56.6807	-0.0692594	-0.859135	4.392		2		14.405	    -25		 
279975		859	1455459560	206.156	172.979	0.609854	0.811521	5.76581		0.5		274441		284	464346241	72.6649	72.6474	-0.0219739	-0.554875	-16.7207	0		22.48651    12.5	 
280364		385	727664244	79.5289	79.1233	-0.10122	2.53445		-12.4933	-0.166667	273449		147	212446483	141.259	141.171	0.0352462	-1.97549	14.5922		2		-27.0855    -54.166675	 
279794		271	377128672	80.4176	80.2468	0.0652334	0.352522	13.9535		1		274250		574	1114361413	766.576	759.948	-0.131977	-0.703409	34.667		3		-20.7135    -50		 
279966		84	42899871	56.1084	55.9477	0.0757755	2.25863		18.709		1		275001		1042	1450996730	159.139	158.825	0.0628927	-2.15406	3.12674		0.666667	15.58226    8.333325	 
279823		268	380862042	164.924	164.705	-0.0515945	1.49776		16.4746		0.833333	275073		422	753074162	80.9752	68.2689	-0.601031	-0.690632	26.2841		2.66667		-9.8095	    -45.833425	 
281613		484	300649762	68.8255	68.7807	0.0360737	1.24295		-4.32553	0		275001		413	609820982	77.9995	77.9728	0.0261654	-2.33976	7.61347		1		-11.939	    -25		 
281613		894	632448866	53.5624	52.6269	0.188275	1.51924		-29.5336	-0.666667	274284		9	19206869	72.8419	67.2522	0.40494		-1.39184	30.1192		2		-59.6528    -66.666675	 
281641		254	432134678	199.349	198.911	-0.0663506	2.57962		-33.4785	-0.8		273725		1247	1826639171	85.0681	82.1992	-0.26344	-2.82575	-13.595		0		-19.8835    -20		 
281641		144	237167966	578.868	563.231	0.235093	2.53937		-2.50247	0.2		273725		1157	1703804788	3528.25	3356.62	0.318441	-1.2814		-12.6659	0		10.16343    5		 
281693		237	445492853	447.468	431.33	0.272704	0.62632		9.73503		0.8		274335		341	632694676	52.5873	52.5138	0.0529168	-0.847309	18.9907		1.33333		-9.25567    -13.33325	 
281693		1725	3099833334	115.055	114.402	-0.106844	0.951388	-4.80723	0		273447		352	563310365	73.6274	72.1727	0.200445	-1.64562	-18.3184	0		13.51117    0		 
281707		214	193479086	78.628	76.7327	-0.221809	1.57529		-30.4753	-0.2		275370		306	437331874	88.0479	82.4508	-0.366415	-2.42474	40.6153		2.5		-71.0906    -67.5	 
281727		1308	2202523652	101.067	92.9271	-0.415556	1.32809		-33.631		-1		273725		761	1160141876	83.261	83.1269	-0.0567834	-1.6376		18.5098		1.16667		-52.1408    -54.16675	 
281727		1121	1901070676	68.4609	68.4567	-0.0110957	2.17745		1.49883		0.75		275311		1122	1319903772	88.9311	86.4069	0.24113		-1.22003	27.1007		2		-25.60187   -31.25	 
281727		78	132207548	103.514	100.694	-0.236116	1.46473		-47.9599	-1.25		273158		86	136524885	77.7737	75.9708	0.217428	-2.47339	-39.4959	-1		-8.464	    -6.25	 
281727		407	642005281	114.262	114.003	-0.067305	1.1053		20.5101		0.75		273730		208	230951151	67.5435	67.1386	0.109769	-2.13281	-3.70796	1		24.21806    -6.25	 
281797		1111	1816926970	906.692	885.915	0.216157	1.00735		-21.6619	-0.5		274422		741	1295875345	50.8228	50.6678	-0.0781807	-1.08265	7.78325		1		-29.44515   -37.5	 
281797		1754	2971131242	582.74	581.16	0.0737305	1.91016		4.15441		0.666667	273402		291	277467341	140.701	140.395	0.0660736	-1.4504		18.4796		1.2		-14.32519   -13.333325	 
281976		1315	2351309643	65.0742	64.7399	0.101589	2.00043		1.51578		0.333333	273725		1432	2097645890	52.1906	50.1012	0.287811	-2.10532	-13.1172	0		14.63298    8.333325	 
282037		1008	1808267176	96.783	95.0876	0.188554	0.80045		4.9686		0.8		273730		1025	1076235086	59.9709	59.8769	0.0560276	-2.20626	37.5904		2		-32.6218    -30		 
282037		480	875033554	77.6774	77.6533	-0.0249004	1.9491		-0.179754	0.333333	274335		820	1528515218	59.1854	59.1423	-0.0381937	-1.19539	11.5661		1		-11.745854  -16.666675	 
282037		1103	1971702362	54.3571	54.0046	0.114197	2.80379		-14.3138	0.2		274199		26	48952575	53.7821	53.5851	0.0857211	-1.80669	28.7221		2		-43.0359    -45		 
282037		544	988426137	161.207	159.372	0.151578	2.50237		-14.3317	-0.25		275125		215	416895810	82.2576	78.3944	0.312662	-2.16997	-4.23799	0		-10.09371   -6.25	 
282037		1567	2720203171	104.505	93.4948	0.480667	0.696335	10.8281		0.666667	273725		2027	2902555028	84.0937	78.0775	0.39009		-1.08933	19.6094		1		-8.7813	    -8.333325	 
282037		721	1303038846	113.585	111.103	-0.210992	2.42291		-27.3411	-0.8		273492		109	89414018	77.1588	77.1572	-0.00644513	-2.15634	-10.2919	1		-17.0492    -45		 
282037		942	1688161503	65.5894	60.3522	-0.413645	1.88265		10.6846		0.75		275068		538	1018504203	76.4394	75.3991	-0.165921	-2.00008	13.7974		2		-3.1128	    -31.25	 
282092		1766	2864248605	76.0535	74.2708	-0.218666	1.94926		14.0192		1		275068		519	987400393	66.212	66.2108	0.00584333	-1.76129	11.6781		1.5		2.3411	    -12.5	 
282092		2146	3547659174	362.019	351.277	-0.246683	0.376355	3.24484		0.333333	274344		262	402199800	114.161	112.725	0.159477	-1.5781		25.1094		1.25		-21.86456   -22.916675	 
282092		1573	2585011877	61.5965	60.7954	0.162155	1.22827		6.69069		0.666667	273725		366	545215708	69.6164	69.1285	0.118746	-1.90687	18.3337		1		-11.64301   -8.333325	 
282735		1030	1910985732	90.9252	90.9003	0.0233998	1.45587		-23.6968	-0.6		274422		1733	2908961138	69.3104	67.6006	0.224444	-2.18701	32.112		2		-55.8088    -65		 
282814		1095	1989524408	210.72	210.717	0.00482354	0.374281	4.64639		0.2		274316		723	1237206468	50.7993	50.4052	-0.124969	-0.365256	-18.5748	0.5		23.22119    -7.5	 
282814		1431	2670286067	366.107	340.725	0.383633	1.23064		11.0324		0.5		274969		739	1334194472	889.205	884.415	0.104029	-2.18906	23.1036		2		-12.0712    -37.5	 
282919		71	138430625	57.9714	57.7263	-0.0921315	1.9108		13.151		1		273730		1425	1444207444	68.5646	64.37	-0.359077	-1.70469	-1.50376	0		14.65476    25		 
282923		179	355951871	189.136	183.32	0.251232	2.92857		-4.38199	0		275376		166	295212334	73.0863	66.4909	0.441804	-1.21173	11.6399		2		-16.02189   -50		 
283270		1330	2253478421	300.327	300.321	-0.00655044	0.623109	-1.2018		0.333333	274316		397	718252888	72.0394	69.8808	0.247918	-2.39428	14.0522		1.33333		-15.254	    -24.999925	 
283283		199	414207670	983.822	939.796	-0.304912	2.29184		15.6271		1		274240		11	19209035	170.19	170.112	0.0302837	-1.95726	13.9376		1		1.6895	    0		 
283308		75	136640889	250.675	248.101	-0.14393	0.954278	10.1104		0.8		273158		922	1325349222	355.293	322.733	0.445504	-2.00697	-11.9938	1		22.1042	    -5		 
283308		129	241061802	127.988	122.467	0.299153	1.94188		-37.0931	-1.2		274998		332	576807631	92.0913	89.3065	0.249088	-1.7498		15.2306		1		-52.3237    -55		 
283353		263	358655814	59.2556	53.2288	-0.471487	0.815981	32.0758		1.33333		274319		86	120046303	64.7946	64.7798	-0.0214224	-1.00212	-5.55951	1		37.63531    8.33325	 
283353		284	396414657	74.749	72.703	-0.236688	1.46138		-34.8694	-1.5		273425		392	480748347	84.11	81.6594	0.24438		-2.58563	13.1157		1		-47.9851    -62.5	 
283408		979	1656827602	54.2058	52.9935	0.213492	1.24156		17.1075		0.833333	274969		503	917437342	479.976	478.05	0.0897383	-0.817692	24.034		1		-6.9265	    -4.166675	 
283408		2235	3782533970	53.0314	51.5158	-0.241981	1.93235		2.12842		0.6		273725		1102	1630604102	59.1959	57.8339	-0.216607	-1.02332	15.2144		2		-13.08598   -35		 
283820		719	1268162805	62.536	60.7831	-0.239581	1.90382		15.5364		0.666667	274199		396	746426803	67.6877	66.3254	0.202337	-1.93467	20.7641		1.8		-5.2277	    -28.333325	 
283830		460	795901878	449.388	440.393	-0.201763	1.07722		4.93182		0.8		273725		2235	3166061570	103.163	100.638	-0.223561	-2.70137	26.9293		2		-21.99748   -30		 
283865		351	596719491	115.338	96.4095	-0.616804	0.380234	-2.48873	0.2		273406		79	93051270	491.773	491.473	0.0349219	-2.24372	22.8273		2		-25.31603   -45		 
283865		436	747383681	133.986	129.921	0.249508	2.46066		-18.246		-0.25		273425		667	831395289	90.767	86.6508	-0.307025	-2.11729	-5.06899	0		-13.17701   -6.25	 
283865		549	954235087	184.288	180.069	0.216057	1.26479		-14.7401	-0.333333	275319		270	274099311	121.904	121.784	0.0444949	-1.31051	7.93387		1		-22.67397   -33.333325	 
283865		406	695857640	149.596	149.218	-0.0711245	1.63219		-9.78947	-0.2		273448		247	357646046	515.933	514.302	0.0796312	-0.573466	-6.45908	0		-3.33039    -5		 
283865		1076	1930170933	183.928	183.676	0.0523659	0.606144	-15.1299	-0.25		274161		355	612958149	70.1567	69.6642	-0.118846	-0.740261	28.1508		1.2		-43.2807    -36.25	 
283877		609	1149852699	150.936	148.998	-0.161149	1.9624		1.1471		0.75		275376		2371	3415211084	55.6417	55.5537	0.0562644	-2.01059	-20.6733	0		21.8204	    18.75	 
283877		1489	2611854636	95.0018	94.9697	-0.0259743	1.70538		-2.79432	0.25		275001		177	268167495	125.97	122.506	0.237259	-1.64004	1.42704		1		-4.22136    -18.75	 
283877		836	1552730557	67.4614	67.1284	0.0995532	2.04837		-23.2836	-1		274443		12	18544692	233.497	231.432	0.133489	-1.62625	14.8104		1		-38.094	    -50		 
283877		108	195240736	54.9639	54.7257	-0.0932581	0.666439	4.17992		0.4		273448		57	83658040	60.3315	59.6397	0.15217		-2.1183		12.5443		1		-8.36438    -15		 
283877		248	452062031	121.121	120.474	-0.103559	0.70668		-54.6276	-1.5		273492		188	191474162	299.244	299.079	0.0332066	-1.9077		35.4345		2		-90.0621    -87.5	 
283877		793	1479210805	363.889	363.679	-0.0340155	0.435049	4.97752		0.4		274146		7	7217943		226.02	224.709	-0.107975	-1.20779	6.42417		1		-1.44665    -15		 
283934		727	1228500708	79.6395	79.5183	0.0552232	1.98893		19.4767		1		273158		775	1135098434	149.618	149.572	0.024764	-1.86689	25.0829		2		-5.6062	    -25		 
283946		505	719930732	181.735	181.61	0.0371976	1.16967		-6.58666	0.166667	275311		762	929901812	92.8205	92.5654	-0.0742204	-0.597743	24.6836		1.5		-31.27026   -33.333325	 
283946		787	1222490017	114.479	113.762	0.112217	1.98288		8.26416		0		273554		190	211210599	92.9038	92.821	-0.0422421	-2.17466	27.8966		2		-19.63244   -50		 
284035		80	125067222	63.7808	63.7774	0.0103362	2.28278		-39.9633	-1.16667	273158		960	1374406266	56.3373	56.2251	0.0631784	-2.51149	12.7001		1		-52.6634    -54.16675	 
284043		123	191641286	162.586	156.216	0.284627	0.445528	-11.3337	-1		274161		320	553725753	288.541	288.12	0.054035	-2.17438	27.1675		2		-38.5012    -75		 
284044		16	21942418	28859.9	28665.8	-0.116329	2.25076		12.2883		0.833333	275125		368	698330596	4290.19	4024.68	0.361271	-1.51157	5.16344		1		7.12486	    -4.166675	 
284036		39	70165017	145.051	140.71	0.247777	0.759375	-10.7266	-0.25		273725		1403	2054397888	68.5166	68.5166	0.00044584	-0.597674	-24.2696	0		13.543	    -6.25	 
284037		176	332192390	56.639	55.196	-0.228165	1.49259		13.4548		0.5		274199		557	1022391164	54.13261	54.0975		0.0360319	-1.95639	13.5719		1	    -0.1171 -12.5

































































































































































































































































































































































