1 0.001 
2 0.001 
3 0.001 
4 0.001 
5 0.001 
6 0.001 
7 0.001 
8 0.001 
9 0.001 
10 0.001 
11 0.001 
12 0.001 
13 0.001 
14 0.001 
15 0.001 
16 0.001 
17 0.001 
18 0.001 
19 0.001 
20 0.001 
21 0.001 
22 0.001 
23 0.001 
24 0.001 
25 0.001 
26 0.001 
27 0.001 
28 0.001 
29 0.001 
30 0.001 
31 0.001 
32 0.001 
33 0.001 
34 0.001 
35 0.001 
36 0.001 
37 0.001 
38 0.001 
39 0.001 
40 0.001 
41 0.001 
42 4.548 
43 7.204 
44 7.189 
45 7.172 
46 7.156 
47 7.145 
48 7.131 
49 7.117 
50 7.103 
51 7.071 
52 7.167 
53 7.163 
54 7.147 
55 7.071 
56 6.654 
57 5.952 
58 5.087 
59 4.205 
60 3.677 
61 3.202 
62 4.032 
63 3.896 
64 4.549 
65 6.822 
66 7.414 
67 7.502 
68 7.502 
69 7.495 
70 7.488 
71 7.481 
72 7.252 
73 7.477 
74 7.463 
75 7.457 
76 7.452 
77 7.444 
78 7.437 
79 7.428 
80 7.422 
81 7.414 
82 7.406 
83 7.394 
84 7.385 
85 7.375 
86 7.368 
87 7.359 
88 7.351 
89 7.340 
90 7.332 
91 7.323 
92 7.315 
93 7.309 
94 7.300 
95 7.292 
96 7.283 
97 7.275 
98 7.266 
99 7.257 
100 7.250 
101 7.241 
102 7.232 
103 7.225 
104 7.216 
105 7.209 
106 7.200 
107 7.192 
108 7.183 
109 7.175 
110 7.167 
111 7.159 
112 7.152 
113 7.145 
114 7.138 
115 7.130 
116 7.122 
117 7.115 
118 7.107 
119 7.100 
120 7.091 
121 7.085 
122 7.076 
123 7.069 
124 7.061 
125 7.054 
126 7.047 
127 7.040 
128 7.031 
129 7.023 
130 7.016 
131 7.007 
132 7.002 
133 6.994 
134 6.986 
135 6.980 
136 6.973 
137 6.968 
138 6.961 
139 6.956 
140 6.948 
141 6.941 
142 6.934 
143 6.928 
144 6.921 
145 6.915 
146 6.905 
147 6.898 
148 6.890 
149 6.883 
150 6.878 
151 6.871 
152 6.866 
153 6.847 
154 6.843 
155 6.839 
156 6.831 
157 6.824 
158 6.818 
159 6.812 
160 6.805 
161 6.798 
162 6.791 
163 6.786 
164 6.780 
165 6.775 
166 6.768 
167 6.761 
168 6.756 
169 6.750 
170 6.743 
171 6.737 
172 6.731 
173 6.725 
174 6.719 
175 6.713 
176 6.706 
177 6.700 
178 6.693 
179 6.686 
180 6.679 
181 6.673 
182 6.666 
183 6.660 
184 6.654 
185 6.647 
186 6.640 
187 6.634 
188 6.627 
189 6.622 
190 6.616 
191 6.610 
192 6.604 
193 6.596 
194 6.587 
195 6.581 
196 6.573 
197 6.566 
198 6.561 
199 6.558 
200 6.555 
201 6.550 
202 6.545 
203 6.538 
204 6.549 
205 6.555 
206 6.551 
207 6.544 
208 6.537 
209 6.530 
210 6.267 
211 6.348 
212 6.325 
213 6.049 
214 6.500 
215 6.495 
216 6.489 
217 6.483 
218 6.477 
219 6.471 
220 6.465 
221 6.459 
222 6.453 
223 6.446 
224 6.440 
225 6.433 
226 6.427 
227 6.421 
228 6.415 
229 6.409 
230 6.403 
231 6.396 
232 6.391 
233 6.385 
234 6.379 
235 6.373 
236 6.366 
237 6.361 
238 6.355 
239 6.349 
240 6.344 
241 6.338 
242 6.332 
243 6.325 
244 6.319 
245 6.313 
246 6.306 
247 6.301 
248 6.294 
249 6.288 
250 6.282 
251 6.276 
252 6.270 
253 6.264 
254 6.258 
255 6.252 
256 6.247 
257 6.241 
258 6.235 
259 6.229 
260 6.222 
261 6.216 
262 6.210 
263 6.204 
264 6.198 
265 6.192 
266 6.187 
267 6.181 
268 6.175 
269 6.169 
270 6.163 
271 6.158 
272 6.152 
273 6.147 
274 6.141 
275 6.135 
276 6.129 
277 6.124 
278 6.118 
279 6.112 
280 6.107 
281 6.102 
282 6.096 
283 6.091 
284 6.086 
285 6.080 
286 6.074 
287 6.069 
288 6.063 
289 6.058 
290 6.052 
291 6.047 
292 6.037 
293 6.034 
294 6.028 
295 6.022 
296 6.017 
297 6.011 
298 6.005 
299 6.000 
300 5.994 
301 5.989 
302 5.983 
303 5.977 
304 5.972 
305 5.966 
306 5.961 
307 5.956 
308 5.950 
309 5.944 
310 5.938 
311 5.932 
312 5.928 
313 5.922 
314 5.916 
315 5.911 
316 5.906 
317 5.901 
318 5.896 
319 5.891 
320 5.885 
321 5.879 
322 5.874 
323 5.869 
324 5.862 
325 5.856 
326 5.851 
327 5.847 
328 5.842 
329 5.838 
330 5.833 
331 5.827 
332 5.821 
333 5.815 
334 5.811 
335 5.806 
336 5.800 
337 5.795 
338 5.789 
339 5.784 
340 5.779 
341 5.773 
342 5.769 
343 5.764 
344 5.759 
345 5.754 
346 5.749 
347 5.744 
348 5.738 
349 5.733 
350 5.728 
351 5.723 
352 5.718 
353 5.713 
354 5.709 
355 5.703 
356 5.698 
357 5.693 
358 5.688 
359 5.683 
360 5.679 
361 5.674 
362 5.668 
363 5.663 
364 5.655 
365 5.650 
366 5.645 
367 5.640 
368 5.634 
369 5.630 
370 5.625 
371 5.620 
372 5.615 
373 5.609 
374 5.604 
375 5.600 
376 5.596 
377 5.591 
378 5.586 
379 5.581 
380 5.576 
381 5.571 
382 5.566 
383 5.562 
384 5.557 
385 5.551 
386 5.546 
387 5.541 
388 5.536 
389 5.530 
390 5.525 
391 5.521 
392 5.516 
393 5.513 
394 5.508 
395 5.504 
396 5.498 
397 5.493 
398 5.489 
399 5.484 
400 5.480 
401 5.475 
402 5.471 
403 5.466 
404 5.462 
405 5.457 
406 5.452 
407 5.448 
408 5.444 
409 5.439 
410 5.434 
411 5.430 
412 5.425 
413 5.421 
414 5.417 
415 5.412 
416 5.408 
417 5.403 
418 5.399 
419 5.394 
420 5.388 
421 5.385 
422 5.381 
423 5.377 
424 5.372 
425 5.368 
426 5.364 
427 5.360 
428 5.355 
429 5.350 
430 5.346 
431 5.341 
432 5.337 
433 5.332 
434 5.326 
435 5.323 
436 5.319 
437 5.316 
438 5.311 
439 5.306 
440 5.300 
441 5.298 
442 5.295 
443 5.291 
444 5.288 
445 5.285 
446 5.280 
447 5.271 
448 5.267 
449 5.260 
450 5.257 
451 5.253 
452 5.249 
453 5.247 
454 5.243 
455 5.239 
456 5.235 
457 5.231 
458 5.226 
459 5.221 
460 5.216 
461 5.213 
462 5.209 
463 5.206 
464 5.201 
465 5.196 
466 5.192 
467 5.188 
468 5.185 
469 5.181 
470 5.176 
471 5.171 
472 5.165 
473 5.160 
474 5.154 
475 5.150 
476 5.147 
477 5.143 
478 5.140 
479 5.138 
480 5.135 
481 5.133 
482 5.130 
483 5.128 
484 5.124 
485 5.122 
486 5.119 
487 5.114 
488 4.894 
489 5.021 
490 4.876 
491 4.858 
492 5.104 
493 5.100 
494 5.097 
495 5.093 
496 5.089 
497 5.086 
498 5.082 
499 5.078 
500 5.075 
501 5.072 
502 5.067 
503 5.064 
504 5.060 
505 5.057 
506 5.054 
507 5.050 
508 5.046 
509 5.042 
510 5.038 
511 5.034 
512 5.030 
513 5.025 
514 5.021 
515 5.019 
516 5.016 
517 5.013 
518 5.010 
519 5.008 
520 5.005 
521 5.001 
522 4.998 
523 4.995 
524 4.992 
525 4.989 
526 4.986 
527 4.982 
528 4.977 
529 4.974 
530 4.971 
531 4.967 
532 4.964 
533 4.961 
534 4.957 
535 4.953 
536 4.951 
537 4.947 
538 4.942 
539 4.940 
540 4.936 
541 4.933 
542 4.930 
543 4.926 
544 4.922 
545 4.919 
546 4.916 
547 4.912 
548 4.908 
549 4.905 
550 4.902 
551 4.899 
552 4.896 
553 4.893 
554 4.890 
555 4.886 
556 4.883 
557 4.880 
558 4.877 
559 4.874 
560 4.870 
561 4.867 
562 4.864 
563 4.861 
564 4.858 
565 4.855 
566 4.851 
567 4.848 
568 4.845 
569 4.842 
570 4.839 
571 4.836 
572 4.832 
573 4.827 
574 4.821 
575 4.819 
576 4.816 
577 4.815 
578 4.812 
579 4.808 
580 4.804 
581 4.800 
582 4.797 
583 4.793 
584 4.825 
585 4.859 
586 4.858 
587 4.856 
588 4.852 
589 4.849 
590 4.847 
591 4.844 
592 4.841 
593 4.839 
594 4.836 
595 4.832 
596 4.830 
597 4.827 
598 4.826 
599 4.822 
600 4.820 
601 4.817 
602 4.814 
603 4.810 
604 4.807 
605 4.804 
606 4.802 
607 4.799 
608 4.796 
609 4.793 
610 4.791 
611 4.787 
612 4.784 
613 4.781 
614 4.778 
615 4.776 
616 4.772 
617 4.770 
618 4.766 
619 4.763 
620 4.760 
621 4.757 
622 4.755 
623 4.752 
624 4.749 
625 4.746 
626 4.744 
627 4.740 
628 4.737 
629 4.734 
630 4.730 
631 4.728 
632 4.725 
633 4.722 
634 4.719 
635 4.715 
636 4.713 
637 4.709 
638 4.705 
639 4.702 
640 4.699 
641 4.696 
642 4.694 
643 4.692 
644 4.690 
645 4.687 
646 4.685 
647 4.682 
648 4.679 
649 4.676 
650 4.674 
651 4.671 
652 4.667 
653 4.665 
654 4.662 
655 4.659 
656 4.657 
657 4.652 
658 4.649 
659 4.647 
660 4.643 
661 4.642 
662 4.639 
663 4.636 
664 4.634 
665 4.631 
666 4.628 
667 4.626 
668 4.623 
669 4.620 
670 4.617 
671 4.614 
672 4.612 
673 4.609 
674 4.607 
675 4.604 
676 4.602 
677 4.598 
678 4.596 
679 4.593 
680 4.588 
681 4.586 
682 4.585 
683 4.581 
684 4.579 
685 4.576 
686 4.573 
687 4.571 
688 4.569 
689 4.566 
690 4.564 
691 4.560 
692 4.557 
693 4.555 
694 4.556 
695 4.556 
696 4.555 
697 4.551 
698 4.541 
699 4.535 
700 4.527 
701 4.523 
702 4.522 
703 4.521 
704 4.520 
705 4.519 
706 4.517 
707 4.514 
708 4.510 
709 4.507 
710 4.505 
711 4.502 
712 4.498 
713 4.495 
714 4.492 
715 4.485 
716 4.485 
717 4.481 
718 4.479 
719 4.476 
720 4.474 
721 4.470 
722 4.467 
723 4.464 
724 4.461 
725 4.460 
726 4.458 
727 4.455 
728 4.453 
729 4.450 
730 4.448 
731 4.445 
732 4.441 
733 4.437 
734 4.434 
735 4.431 
736 4.428 
737 4.425 
738 4.423 
739 4.420 
740 4.417 
741 4.413 
742 4.413 
743 4.410 
744 4.406 
745 4.402 
746 4.399 
747 4.396 
748 4.395 
749 4.392 
750 4.390 
751 4.387 
752 4.385 
753 4.383 
754 4.380 
755 4.379 
756 4.378 
757 4.375 
758 4.374 
759 4.371 
760 4.368 
761 4.366 
762 4.364 
763 4.362 
764 4.359 
765 4.354 
766 4.352 
767 4.349 
768 4.349 
769 4.349 
770 4.346 
771 4.343 
772 4.340 
773 4.336 
774 4.334 
775 4.331 
776 4.329 
777 4.327 
778 4.324 
779 4.321 
780 4.319 
781 4.317 
782 4.314 
783 4.313 
784 4.311 
785 4.309 
786 4.307 
787 4.304 
788 4.302 
789 4.300 
790 4.297 
791 4.294 
792 4.292 
793 4.290 
794 4.289 
795 4.287 
796 4.285 
797 4.282 
798 4.280 
799 4.278 
800 4.277 
801 4.275 
802 4.273 
803 4.270 
804 4.268 
805 4.266 
806 4.264 
807 4.261 
808 4.259 
809 4.257 
810 4.255 
811 4.253 
812 4.250 
813 4.246 
814 4.245 
815 4.243 
816 4.240 
817 4.238 
818 4.185 
819 4.054 
820 4.218 
821 3.966 
822 4.183 
823 4.227 
824 4.225 
825 4.222 
826 4.220 
827 4.215 
828 4.207 
829 4.205 
830 4.203 
831 4.200 
832 4.198 
833 4.196 
834 4.193 
835 4.192 
836 4.190 
837 4.188 
838 4.186 
839 4.184 
840 4.182 
841 4.180 
842 4.178 
843 4.176 
844 4.174 
845 4.172 
846 4.170 
847 4.168 
848 4.166 
849 4.164 
850 4.162 
851 4.161 
852 4.158 
853 4.156 
854 4.154 
855 4.152 
856 4.149 
857 4.147 
858 4.145 
859 4.143 
860 4.141 
861 4.139 
862 4.137 
863 4.135 
864 4.132 
865 4.131 
866 4.129 
867 4.126 
868 4.124 
869 4.120 
870 4.117 
871 4.114 
872 4.111 
873 4.109 
874 4.107 
875 4.105 
876 4.104 
877 4.102 
878 4.101 
879 4.099 
880 4.097 
881 4.096 
882 4.095 
883 4.093 
884 4.091 
885 4.089 
886 4.088 
887 4.086 
888 4.084 
889 4.081 
890 4.080 
891 4.078 
892 4.076 
893 4.075 
894 4.073 
895 4.071 
896 4.070 
897 4.068 
898 4.066 
899 4.064 
900 4.062 
901 4.060 
902 4.058 
903 4.056 
904 4.054 
905 4.052 
906 4.050 
907 4.048 
908 4.044 
909 4.042 
910 4.039 
911 4.037 
912 4.035 
913 4.033 
914 4.031 
915 4.028 
916 4.026 
917 4.023 
918 4.022 
919 4.019 
920 4.017 
921 4.015 
922 4.013 
923 4.011 
924 4.009 
925 4.007 
926 4.005 
927 4.003 
928 4.001 
929 3.998 
930 3.997 
931 3.995 
932 3.993 
933 3.991 
934 3.989 
935 3.987 
936 3.985 
937 3.983 
938 3.981 
939 3.979 
940 3.977 
941 3.975 
942 3.974 
943 3.972 
944 3.970 
945 3.968 
946 3.965 
947 3.963 
948 3.960 
949 3.958 
950 3.956 
951 3.954 
952 3.952 
953 3.949 
954 3.948 
955 3.946 
956 3.945 
957 3.944 
958 3.942 
959 3.940 
960 3.938 
961 3.937 
962 3.937 
963 3.935 
964 3.933 
965 3.931 
966 3.929 
967 3.927 
968 3.924 
969 3.922 
970 3.920 
971 3.918 
972 3.916 
973 3.914 
974 3.912 
975 3.910 
976 3.908 
977 3.906 
978 3.904 
979 3.902 
980 3.900 
981 3.898 
982 3.896 
983 3.895 
984 3.892 
985 3.891 
986 3.888 
987 3.886 
988 3.885 
989 3.883 
990 3.881 
991 3.879 
992 3.878 
993 3.876 
994 3.875 
995 3.873 
996 3.870 
997 3.870 
998 3.864 
999 3.865 
1000 3.857 
1001 3.850 
1002 3.842 
1003 3.834 
1004 3.831 
1005 3.828 
1006 3.825 
1007 3.822 
1008 3.820 
1009 3.818 
1010 3.816 
1011 3.815 
1012 3.814 
1013 3.812 
1014 3.811 
1015 3.811 
1016 3.808 
1017 3.807 
1018 3.805 
1019 3.805 
1020 3.804 
1021 3.803 
1022 3.801 
1023 3.799 
1024 3.797 
1025 3.796 
1026 3.794 
1027 3.793 
1028 3.791 
1029 3.790 
1030 3.787 
1031 3.785 
1032 3.782 
1033 3.781 
1034 3.780 
1035 3.778 
1036 3.776 
1037 3.774 
1038 3.772 
1039 3.770 
1040 3.767 
1041 3.766 
1042 3.764 
1043 3.762 
1044 3.761 
1045 3.759 
1046 3.757 
1047 3.755 
1048 3.753 
1049 3.751 
1050 3.750 
1051 3.748 
1052 3.745 
1053 3.743 
1054 3.741 
1055 3.740 
1056 3.739 
1057 3.737 
1058 3.735 
1059 3.733 
1060 3.731 
1061 3.729 
1062 3.728 
1063 3.727 
1064 3.725 
1065 3.723 
1066 3.721 
1067 3.719 
1068 3.717 
1069 3.716 
1070 3.714 
1071 3.713 
1072 3.711 
1073 3.709 
1074 3.706 
1075 3.705 
1076 3.703 
1077 3.701 
1078 3.699 
1079 3.698 
1080 3.696 
1081 3.694 
1082 3.692 
1083 3.690 
1084 3.687 
1085 3.686 
1086 3.684 
1087 3.683 
1088 3.682 
1089 3.680 
1090 3.679 
1091 3.677 
1092 3.675 
1093 3.674 
1094 3.671 
1095 3.670 
1096 3.668 
1097 3.666 
1098 3.664 
1099 3.663 
1100 3.661 
1101 3.659 
1102 3.657 
1103 3.656 
1104 3.654 
1105 3.652 
1106 3.651 
1107 3.649 
1108 3.647 
1109 3.645 
1110 3.643 
1111 3.642 
1112 3.564 
1113 3.526 
1114 3.523 
1115 3.550 
1116 3.634 
1117 3.632 
1118 3.629 
1119 3.627 
1120 3.625 
1121 3.623 
1122 3.620 
1123 3.617 
1124 3.616 
1125 3.615 
1126 3.614 
1127 3.612 
1128 3.610 
1129 3.609 
1130 3.607 
1131 3.606 
1132 3.604 
1133 3.603 
1134 3.601 
1135 3.599 
1136 3.597 
1137 3.596 
1138 3.594 
1139 3.592 
1140 3.590 
1141 3.588 
1142 3.586 
1143 3.585 
1144 3.583 
1145 3.582 
1146 3.580 
1147 3.578 
1148 3.576 
1149 3.574 
1150 3.573 
1151 3.570 
1152 3.568 
1153 3.566 
1154 3.565 
1155 3.563 
1156 3.562 
1157 3.559 
1158 3.555 
1159 3.555 
1160 3.554 
1161 3.552 
1162 3.550 
1163 3.549 
1164 3.547 
1165 3.545 
1166 3.544 
1167 3.543 
1168 3.541 
1169 3.540 
1170 3.538 
1171 3.536 
1172 3.534 
1173 3.533 
1174 3.532 
1175 3.530 
1176 3.528 
1177 3.526 
1178 3.525 
1179 3.523 
1180 3.521 
1181 3.519 
1182 3.518 
1183 3.517 
1184 3.515 
1185 3.514 
1186 3.512 
1187 3.510 
1188 3.509 
1189 3.507 
1190 3.505 
1191 3.503 
1192 3.502 
1193 3.501 
1194 3.499 
1195 3.498 
1196 3.496 
1197 3.495 
1198 3.493 
1199 3.491 
1200 3.489 
1201 3.488 
1202 3.487 
1203 3.485 
1204 3.482 
1205 3.482 
1206 3.480 
1207 3.478 
1208 3.477 
1209 3.475 
1210 3.473 
1211 3.472 
1212 3.470 
1213 3.469 
1214 3.467 
1215 3.466 
1216 3.464 
1217 3.462 
1218 3.461 
1219 3.459 
1220 3.457 
1221 3.456 
1222 3.454 
1223 3.452 
1224 3.450 
1225 3.449 
1226 3.447 
1227 3.446 
1228 3.444 
1229 3.443 
1230 3.441 
1231 3.439 
1232 3.437 
1233 3.435 
1234 3.434 
1235 3.432 
1236 3.431 
1237 3.429 
1238 3.428 
1239 3.426 
1240 3.424 
1241 3.420 
1242 3.421 
1243 3.415 
1244 3.417 
1245 3.415 
1246 3.412 
1247 3.411 
1248 3.409 
1249 3.408 
1250 3.407 
1251 3.405 
1252 3.403 
1253 3.401 
1254 3.400 
1255 3.398 
1256 3.397 
1257 3.395 
1258 3.393 
1259 3.390 
1260 3.388 
1261 3.386 
1262 3.384 
1263 3.382 
1264 3.381 
1265 3.379 
1266 3.378 
1267 3.376 
1268 3.374 
1269 3.372 
1270 3.373 
1271 3.373 
1272 3.371 
1273 3.370 
1274 3.368 
1275 3.367 
1276 3.366 
1277 3.365 
1278 3.363 
1279 3.361 
1280 3.359 
1281 3.357 
1282 3.356 
1283 3.354 
1284 3.353 
1285 3.351 
1286 3.350 
1287 3.348 
1288 3.346 
1289 3.344 
1290 3.343 
1291 3.342 
1292 3.340 
1293 3.339 
1294 3.337 
1295 3.336 
1296 3.334 
1297 3.332 
1298 3.331 
1299 3.328 
1300 3.328 
1301 3.327 
1302 3.325 
1303 3.323 
1304 3.322 
1305 3.321 
1306 3.320 
1307 3.318 
1308 3.316 
1309 3.314 
1310 3.313 
1311 3.312 
1312 3.310 
1313 3.308 
1314 3.306 
1315 3.305 
1316 3.302 
1317 3.301 
1318 3.299 
1319 3.296 
1320 3.294 
1321 3.293 
1322 3.291 
1323 3.288 
1324 3.287 
1325 3.285 
1326 3.283 
1327 3.281 
1328 3.280 
1329 3.279 
1330 3.276 
1331 3.274 
1332 3.274 
1333 3.273 
1334 3.272 
1335 3.270 
1336 3.269 
1337 3.268 
1338 3.266 
1339 3.264 
1340 3.263 
1341 3.261 
1342 3.260 
1343 3.258 
1344 3.256 
1345 3.255 
1346 3.253 
1347 3.252 
1348 3.249 
1349 3.248 
1350 3.246 
1351 3.245 
1352 3.243 
1353 3.241 
1354 3.239 
1355 3.238 
1356 3.237 
1357 3.234 
1358 3.233 
1359 3.231 
1360 3.229 
1361 3.227 
1362 3.226 
1363 3.224 
1364 3.222 
1365 3.220 
1366 3.219 
1367 3.217 
1368 3.215 
1369 3.214 
1370 3.213 
1371 3.211 
1372 3.210 
1373 3.208 
1374 3.206 
1375 3.205 
1376 3.204 
1377 3.203 
1378 3.201 
1379 3.199 
1380 3.195 
1381 3.191 
1382 3.189 
1383 3.188 
1384 3.186 
1385 3.129 
1386 3.079 
1387 3.124 
1388 3.075 
1389 3.182 
1390 3.181 
1391 3.180 
1392 3.178 
1393 3.177 
1394 3.175 
1395 3.174 
1396 3.172 
1397 3.171 
1398 3.170 
1399 3.168 
1400 3.167 
1401 3.166 
1402 3.164 
1403 3.163 
1404 3.161 
1405 3.160 
1406 3.158 
1407 3.156 
1408 3.154 
1409 3.153 
1410 3.152 
1411 3.149 
1412 3.148 
1413 3.147 
1414 3.145 
1415 3.143 
1416 3.142 
1417 3.140 
1418 3.139 
1419 3.137 
1420 3.136 
1421 3.133 
1422 3.132 
1423 3.130 
1424 3.128 
1425 3.126 
1426 3.125 
1427 3.123 
1428 3.121 
1429 3.120 
1430 3.118 
1431 3.117 
1432 3.115 
1433 3.113 
1434 3.112 
1435 3.110 
1436 3.109 
1437 3.107 
1438 3.106 
1439 3.104 
1440 3.102 
1441 3.101 
1442 3.099 
1443 3.098 
1444 3.096 
1445 3.095 
1446 3.094 
1447 3.093 
1448 3.090 
1449 3.088 
1450 3.087 
1451 3.085 
1452 3.084 
1453 3.082 
1454 3.081 
1455 3.079 
1456 3.078 
1457 3.077 
1458 3.075 
1459 3.073 
1460 3.072 
1461 3.071 
1462 3.070 
1463 3.068 
1464 3.066 
1465 3.065 
1466 3.064 
1467 3.062 
1468 3.061 
1469 3.059 
1470 3.058 
1471 3.056 
1472 3.055 
1473 3.053 
1474 3.052 
1475 3.050 
1476 3.049 
1477 3.047 
1478 3.046 
1479 3.044 
1480 3.043 
1481 3.041 
1482 3.040 
1483 3.038 
1484 3.036 
1485 3.035 
1486 3.034 
1487 3.032 
1488 3.031 
1489 3.030 
1490 3.028 
1491 3.027 
1492 3.026 
1493 3.024 
1494 3.023 
1495 3.021 
1496 3.020 
1497 3.019 
1498 3.017 
1499 3.016 
1500 3.015 
1501 3.013 
1502 3.011 
1503 3.009 
1504 3.008 
1505 3.007 
1506 3.005 
1507 3.004 
1508 3.002 
1509 3.001 
1510 2.999 
1511 2.998 
1512 2.996 
1513 2.995 
