1 0.0008
2 0.0007
3 0.0007
4 0.0007
5 0.0007
6 0.0007
7 0.0007
8 0.0007
9 0.0007
10 0.0007
11 0.0008
12 0.0007
13 0.0007
14 0.0007
15 0.0007
16 0.0007
17 0.0007
18 0.0007
19 0.0007
20 0.0007
21 0.0007
22 0.0007
23 0.0007
24 0.0007
25 0.0008
26 0.0007
27 0.0007
28 0.0007
29 0.0007
30 0.0007
31 0.0007
32 0.0007
33 0.0007
34 0.0007
35 0.0007
36 0.0007
37 0.0007
38 0.0007
39 0.0007
40 0.0007
41 0.0007
42 7.2104
43 7.1947
44 7.1806
45 7.1628
46 7.1526
47 7.1407
48 7.1235
49 7.1084
50 7.0958
51 7.1004
52 7.1821
53 7.1531
54 7.1354
55 6.9345
56 6.3787
57 5.5657
58 4.6701
59 3.8153
60 3.6556
61 2.778
62 4.2184
63 4.1624
64 6.3074
65 7.4036
66 7.5034
67 7.5057
68 7.4987
69 7.4916
70 7.4842
71 7.4769
72 7.4753
73 7.4643
74 7.4609
75 7.4552
76 7.4493
77 7.4406
78 7.4336
79 7.4253
80 7.4185
81 7.409
82 7.4021
83 7.389
84 7.3816
85 7.373
86 7.3644
87 7.3534
88 7.3456
89 7.3356
90 7.3285
91 7.3175
92 7.3152
93 7.3036
94 7.2962
95 7.2886
96 7.2788
97 7.2705
98 7.2621
99 7.252
100 7.2469
101 7.2371
102 7.2283
103 7.2222
104 7.2113
105 7.205
106 7.1956
107 7.1872
108 7.1799
109 7.1721
110 7.1631
111 7.1568
112 7.1504
113 7.1406
114 7.1341
115 7.1256
116 7.1188
117 7.1119
118 7.1028
119 7.0954
120 7.0884
121 7.0831
122 7.0693
123 7.0664
124 7.0582
125 7.0517
126 7.0422
127 7.0347
128 7.0286
129 7.0199
130 7.01
131 7.0059
132 6.9984
133 6.9903
134 6.9812
135 6.9808
136 6.9693
137 6.9627
138 6.9606
139 6.9513
140 6.9454
141 6.9369
142 6.9298
143 6.9219
144 6.9169
145 6.9094
146 6.9
147 6.8951
148 6.8852
149 6.8791
150 6.8756
151 6.8681
152 6.8635
153 6.8435
154 6.842
155 6.8342
156 6.8274
157 6.8222
158 6.8181
159 6.8082
160 6.8012
161 6.7937
162 6.7879
163 6.7837
164 6.7759
165 6.772
166 6.7647
167 6.7582
168 6.7535
169 6.746
170 6.7418
171 6.7345
172 6.7284
173 6.7225
174 6.7142
175 6.7102
176 6.7039
177 6.6974
178 6.6904
179 6.683
180 6.6746
181 6.6701
182 6.6613
183 6.6566
184 6.6467
185 6.6418
186 6.6377
187 6.6302
188 6.6238
189 6.6197
190 6.6127
191 6.6065
192 6.5995
193 6.5936
194 6.5847
195 6.5765
196 6.5675
197 6.5641
198 6.5608
199 6.5559
200 6.5528
201 6.5473
202 6.5442
203 6.54
204 6.555
205 6.5541
206 6.5476
207 6.54
208 6.5326
209 6.5271
210 6.2215
211 6.516
212 6.0114
213 6.5043
214 6.4981
215 6.4907
216 6.4863
217 6.4802
218 6.4733
219 6.4682
220 6.4625
221 6.456
222 6.4497
223 6.4428
224 6.4372
225 6.4308
226 6.4241
227 6.4179
228 6.4116
229 6.4059
230 6.3998
231 6.392
232 6.3883
233 6.3821
234 6.375
235 6.3697
236 6.3642
237 6.3577
238 6.351
239 6.347
240 6.3405
241 6.3344
242 6.3282
243 6.3229
244 6.3161
245 6.3088
246 6.3037
247 6.2979
248 6.2921
249 6.2852
250 6.279
251 6.2731
252 6.2672
253 6.2619
254 6.2551
255 6.2495
256 6.2443
257 6.2382
258 6.231
259 6.2265
260 6.2175
261 6.2133
262 6.2061
263 6.2013
264 6.1956
265 6.1892
266 6.1843
267 6.1783
268 6.1713
269 6.1665
270 6.1604
271 6.1553
272 6.1504
273 6.1434
274 6.14
275 6.1321
276 6.1271
277 6.12
278 6.1156
279 6.111
280 6.1045
281 6.099
282 6.0945
283 6.0883
284 6.0836
285 6.0761
286 6.0709
287 6.0663
288 6.0606
289 6.0554
290 6.0498
291 6.0438
292 6.033
293 6.0326
294 6.0249
295 6.0201
296 6.0134
297 6.0079
298 6.0025
299 5.9972
300 5.9914
301 5.9858
302 5.9798
303 5.9737
304 5.9689
305 5.9634
306 5.9589
307 5.9543
308 5.9478
309 5.9405
310 5.9343
311 5.9305
312 5.9245
313 5.9187
314 5.9136
315 5.9079
316 5.9037
317 5.898
318 5.8932
319 5.8891
320 5.8821
321 5.8765
322 5.8713
323 5.865
324 5.8601
325 5.8536
326 5.8493
327 5.8441
328 5.8394
329 5.8352
330 5.8294
331 5.8245
332 5.8186
333 5.8136
334 5.8092
335 5.8034
336 5.7967
337 5.7913
338 5.7865
339 5.7816
340 5.7758
341 5.7713
342 5.7665
343 5.7613
344 5.7568
345 5.7519
346 5.7464
347 5.7413
348 5.7356
349 5.7301
350 5.7258
351 5.7202
352 5.7154
353 5.7115
354 5.7059
355 5.7009
356 5.6968
357 5.6902
358 5.6856
359 5.6807
360 5.676
361 5.6713
362 5.665
363 5.66
364 5.6526
365 5.6476
366 5.6428
367 5.6374
368 5.6322
369 5.6265
370 5.6221
371 5.6173
372 5.6118
373 5.6061
374 5.6025
375 5.5979
376 5.5932
377 5.5886
378 5.5833
379 5.5789
380 5.5733
381 5.568
382 5.5643
383 5.5593
384 5.5543
385 5.5488
386 5.5428
387 5.5388
388 5.5316
389 5.5288
390 5.5235
391 5.5184
392 5.5144
393 5.5101
394 5.5063
395 5.5015
396 5.4967
397 5.4914
398 5.4858
399 5.4821
400 5.4765
401 5.473
402 5.4686
403 5.4643
404 5.4588
405 5.454
406 5.4485
407 5.4463
408 5.4416
409 5.4367
410 5.4323
411 5.4258
412 5.4234
413 5.4188
414 5.4134
415 5.41
416 5.4055
417 5.401
418 5.3965
419 5.3914
420 5.3851
421 5.3832
422 5.3789
423 5.3746
424 5.3701
425 5.3664
426 5.3619
427 5.3572
428 5.3529
429 5.3474
430 5.344
431 5.3384
432 5.3346
433 5.3288
434 5.3239
435 5.321
436 5.3176
437 5.3145
438 5.3082
439 5.3027
440 5.2977
441 5.2954
442 5.2928
443 5.2889
444 5.2863
445 5.2827
446 5.2773
447 5.2668
448 5.2614
449 5.2597
450 5.2546
451 5.2512
452 5.2481
453 5.2454
454 5.2407
455 5.2373
456 5.2328
457 5.2278
458 5.224
459 5.218
460 5.2144
461 5.2111
462 5.2071
463 5.2032
464 5.1993
465 5.1933
466 5.1908
467 5.1862
468 5.1829
469 5.1779
470 5.1735
471 5.1677
472 5.1628
473 5.1572
474 5.152
475 5.1496
476 5.1446
477 5.1416
478 5.1394
479 5.1377
480 5.1332
481 5.1315
482 5.1291
483 5.1262
484 5.122
485 5.1191
486 5.1183
487 5.0765
488 4.7849
489 5.1121
490 4.8819
491 5.1045
492 5.1025
493 5.0985
494 5.0946
495 5.0918
496 5.0878
497 5.0837
498 5.0806
499 5.0764
500 5.0734
501 5.0697
502 5.0649
503 5.0629
504 5.0581
505 5.055
506 5.0517
507 5.0478
508 5.0432
509 5.0401
510 5.0363
511 5.0313
512 5.0272
513 5.0236
514 5.0193
515 5.0174
516 5.0136
517 5.0115
518 5.0093
519 5.007
520 5.0042
521 4.9992
522 4.9957
523 4.9934
524 4.9898
525 4.9879
526 4.9835
527 4.9793
528 4.9756
529 4.9724
530 4.9687
531 4.9662
532 4.9617
533 4.9581
534 4.9568
535 4.9523
536 4.9481
537 4.9455
538 4.9409
539 4.9378
540 4.9351
541 4.9312
542 4.928
543 4.9241
544 4.9207
545 4.9167
546 4.9137
547 4.9099
548 4.907
549 4.904
550 4.901
551 4.8972
552 4.8954
553 4.8911
554 4.8878
555 4.8842
556 4.8814
557 4.8781
558 4.8756
559 4.8726
560 4.8692
561 4.8656
562 4.8617
563 4.8597
564 4.8564
565 4.8523
566 4.85
567 4.8471
568 4.8427
569 4.8397
570 4.8373
571 4.834
572 4.8304
573 4.8242
574 4.8182
575 4.8204
576 4.8129
577 4.8138
578 4.8105
579 4.806
580 4.802
581 4.7986
582 4.7957
583 4.7878
584 4.8284
585 4.8593
586 4.8565
587 4.8545
588 4.8504
589 4.8484
590 4.8451
591 4.8428
592 4.8397
593 4.8373
594 4.8345
595 4.8299
596 4.8286
597 4.8249
598 4.8243
599 4.8202
600 4.819
601 4.8157
602 4.8119
603 4.8084
604 4.8063
605 4.8032
606 4.8009
607 4.7979
608 4.7947
609 4.7917
610 4.7887
611 4.7848
612 4.7824
613 4.7792
614 4.777
615 4.7735
616 4.7708
617 4.7671
618 4.7642
619 4.7614
620 4.758
621 4.7554
622 4.7534
623 4.7498
624 4.7483
625 4.7454
626 4.7417
627 4.737
628 4.7351
629 4.7323
630 4.7292
631 4.7263
632 4.7233
633 4.7198
634 4.7169
635 4.7141
636 4.7113
637 4.7069
638 4.703
639 4.6995
640 4.6975
641 4.6942
642 4.6941
643 4.6916
644 4.689
645 4.686
646 4.6834
647 4.6802
648 4.6775
649 4.6753
650 4.6727
651 4.669
652 4.6656
653 4.6631
654 4.6608
655 4.6582
656 4.6553
657 4.6516
658 4.6485
659 4.6452
660 4.6419
661 4.6398
662 4.6383
663 4.6351
664 4.6328
665 4.6297
666 4.6271
667 4.6245
668 4.6213
669 4.6187
670 4.6163
671 4.6132
672 4.6108
673 4.6073
674 4.6057
675 4.603
676 4.6004
677 4.5969
678 4.5933
679 4.5911
680 4.5868
681 4.5851
682 4.5822
683 4.58
684 4.5764
685 4.5739
686 4.5723
687 4.5702
688 4.5675
689 4.5642
690 4.562
691 4.5587
692 4.556
693 4.553
694 4.5566
695 4.5558
696 4.554
697 4.547
698 4.5364
699 4.5331
700 4.5205
701 4.5223
702 4.5216
703 4.5202
704 4.5198
705 4.5178
706 4.5152
707 4.5126
708 4.508
709 4.5059
710 4.5032
711 4.5006
712 4.4968
713 4.4936
714 4.4899
715 4.4809
716 4.4843
717 4.4804
718 4.4767
719 4.4752
720 4.4721
721 4.469
722 4.4658
723 4.4624
724 4.4608
725 4.4586
726 4.457
727 4.4535
728 4.4518
729 4.4494
730 4.4463
731 4.4426
732 4.4385
733 4.4359
734 4.4326
735 4.4301
736 4.4262
737 4.4241
738 4.4215
739 4.418
740 4.4155
741 4.4123
742 4.4122
743 4.4082
744 4.4033
745 4.401
746 4.3974
747 4.3956
748 4.3935
749 4.3905
750 4.3874
751 4.3856
752 4.3836
753 4.3804
754 4.3794
755 4.3775
756 4.3762
757 4.3733
758 4.3723
759 4.3695
760 4.3672
761 4.3647
762 4.3631
763 4.3607
764 4.3563
765 4.3523
766 4.3534
767 4.348
768 4.3493
769 4.3467
770 4.3444
771 4.3406
772 4.3374
773 4.3351
774 4.3326
775 4.3308
776 4.3282
777 4.3261
778 4.3228
779 4.3205
780 4.3178
781 4.3156
782 4.3137
783 4.3123
784 4.3103
785 4.308
786 4.3052
787 4.3025
788 4.3012
789 4.2985
790 4.2963
791 4.2934
792 4.2908
793 4.2893
794 4.2871
795 4.2849
796 4.2833
797 4.2812
798 4.2787
799 4.2769
800 4.2756
801 4.2734
802 4.2717
803 4.2688
804 4.2664
805 4.2651
806 4.2627
807 4.2603
808 4.2584
809 4.2562
810 4.254
811 4.2509
812 4.2472
813 4.2458
814 4.2434
815 4.2418
816 4.2385
817 4.238
818 3.9935
819 4.068
820 4.2325
821 3.872
822 4.2279
823 4.226
824 4.2229
825 4.2207
826 4.2181
827 4.211
828 4.204
829 4.2042
830 4.2011
831 4.1989
832 4.1975
833 4.1937
834 4.1928
835 4.191
836 4.189
837 4.1875
838 4.1851
839 4.1842
840 4.1809
841 4.1787
842 4.1769
843 4.1749
844 4.1731
845 4.1712
846 4.1695
847 4.1669
848 4.1657
849 4.1631
850 4.1605
851 4.1601
852 4.1569
853 4.155
854 4.1534
855 4.1499
856 4.148
857 4.1464
858 4.1433
859 4.1417
860 4.1404
861 4.1377
862 4.1354
863 4.1339
864 4.1312
865 4.1292
866 4.128
867 4.1247
868 4.1223
869 4.1183
870 4.1157
871 4.1131
872 4.1098
873 4.1078
874 4.106
875 4.1042
876 4.1029
877 4.1014
878 4.0998
879 4.0978
880 4.0963
881 4.0952
882 4.0938
883 4.0913
884 4.09
885 4.0884
886 4.0868
887 4.0853
888 4.0829
889 4.0802
890 4.0795
891 4.0774
892 4.0757
893 4.0744
894 4.0723
895 4.0701
896 4.0692
897 4.0662
898 4.0646
899 4.0623
900 4.0618
901 4.0592
902 4.0565
903 4.0553
904 4.054
905 4.0518
906 4.0486
907 4.0457
908 4.0423
909 4.04
910 4.0381
911 4.0355
912 4.0332
913 4.0315
914 4.029
915 4.0272
916 4.025
917 4.022
918 4.0212
919 4.0179
920 4.0163
921 4.0135
922 4.0114
923 4.0098
924 4.0071
925 4.0053
926 4.0033
927 4.0014
928 3.9992
929 3.9976
930 3.9964
931 3.9941
932 3.9916
933 3.9901
934 3.9875
935 3.9856
936 3.9834
937 3.9815
938 3.9809
939 3.9782
940 3.9757
941 3.9741
942 3.9728
943 3.9703
944 3.9686
945 3.9662
946 3.9632
947 3.9616
948 3.9585
949 3.9569
950 3.9544
951 3.953
952 3.9496
953 3.9484
954 3.9473
955 3.945
956 3.9442
957 3.9423
958 3.9413
959 3.9393
960 3.9372
961 3.9376
962 3.9355
963 3.9335
964 3.9324
965 3.9299
966 3.9284
967 3.9259
968 3.9226
969 3.9211
970 3.9185
971 3.9171
972 3.9155
973 3.9129
974 3.9103
975 3.9091
976 3.9068
977 3.9052
978 3.904
979 3.9026
980 3.8998
981 3.8963
982 3.8952
983 3.894
984 3.8904
985 3.8894
986 3.8878
987 3.8851
988 3.8838
989 3.8826
990 3.8798
991 3.877
992 3.877
993 3.8756
994 3.8745
995 3.8717
996 3.8694
997 3.8678
998 3.8666
999 3.8624
1000 3.8509
1001 3.8479
1002 3.8357
1003 3.8323
1004 3.8283
1005 3.8263
1006 3.8228
1007 3.8204
1008 3.8188
1009 3.818
1010 3.8157
1011 3.8146
1012 3.8133
1013 3.8114
1014 3.8118
1015 3.8089
1016 3.8078
1017 3.8056
1018 3.8066
1019 3.8035
1020 3.8034
1021 3.8019
1022 3.8005
1023 3.7976
1024 3.7964
1025 3.7945
1026 3.7937
1027 3.7921
1028 3.7905
1029 3.7888
1030 3.7863
1031 3.7833
1032 3.7816
1033 3.7801
1034 3.7781
1035 3.7769
1036 3.7745
1037 3.7722
1038 3.7707
1039 3.7682
1040 3.7652
1041 3.7647
1042 3.7637
1043 3.7617
1044 3.7594
1045 3.7583
1046 3.7567
1047 3.7544
1048 3.7522
1049 3.7509
1050 3.7487
1051 3.7466
1052 3.7446
1053 3.7421
1054 3.7401
1055 3.7397
1056 3.7382
1057 3.7361
1058 3.7341
1059 3.7314
1060 3.7298
1061 3.7283
1062 3.7275
1063 3.7255
1064 3.7236
1065 3.7219
1066 3.7195
1067 3.7177
1068 3.7163
1069 3.7147
1070 3.7137
1071 3.7116
1072 3.7099
1073 3.7066
1074 3.7054
1075 3.7041
1076 3.7022
1077 3.7004
1078 3.6985
1079 3.6961
1080 3.6954
1081 3.6934
1082 3.6912
1083 3.6881
1084 3.686
1085 3.6856
1086 3.6837
1087 3.6819
1088 3.6801
1089 3.6791
1090 3.6783
1091 3.6763
1092 3.6743
1093 3.6724
1094 3.6707
1095 3.6694
1096 3.6668
1097 3.6659
1098 3.6638
1099 3.6619
1100 3.6594
1101 3.6579
1102 3.6569
1103 3.6548
1104 3.6522
1105 3.6513
1106 3.652
1107 3.648
1108 3.6465
1109 3.6441
1110 3.6429
1111 3.6408
1112 3.6239
1113 3.6374
1114 3.3576
1115 3.6372
1116 3.6325
1117 3.6301
1118 3.6285
1119 3.6263
1120 3.6234
1121 3.6211
1122 3.6182
1123 3.6166
1124 3.6155
1125 3.6145
1126 3.6124
1127 3.6111
1128 3.6101
1129 3.6081
1130 3.6067
1131 3.6054
1132 3.6034
1133 3.601
1134 3.6001
1135 3.5981
1136 3.5951
1137 3.5946
1138 3.5929
1139 3.5911
1140 3.5894
1141 3.5872
1142 3.5855
1143 3.5843
1144 3.5827
1145 3.5807
1146 3.5787
1147 3.5764
1148 3.5751
1149 3.5732
1150 3.5717
1151 3.5688
1152 3.5668
1153 3.5659
1154 3.5637
1155 3.5623
1156 3.5608
1157 3.5528
1158 3.5563
1159 3.5544
1160 3.5522
1161 3.5509
1162 3.5489
1163 3.5477
1164 3.5463
1165 3.5446
1166 3.5432
1167 3.5417
1168 3.5407
1169 3.5384
1170 3.5369
1171 3.5354
1172 3.5329
1173 3.5324
1174 3.5307
1175 3.5284
1176 3.5267
1177 3.5259
1178 3.5236
1179 3.5219
1180 3.5199
1181 3.5182
1182 3.5172
1183 3.5157
1184 3.5143
1185 3.5126
1186 3.5107
1187 3.5091
1188 3.5071
1189 3.5058
1190 3.5045
1191 3.503
1192 3.5006
1193 3.4995
1194 3.4986
1195 3.4968
1196 3.4952
1197 3.4936
1198 3.4917
1199 3.4895
1200 3.4882
1201 3.4879
1202 3.4861
1203 3.4832
1204 3.4819
1205 3.4805
1206 3.4795
1207 3.4775
1208 3.4759
1209 3.4739
1210 3.4725
1211 3.4706
1212 3.4697
1213 3.468
1214 3.4666
1215 3.4646
1216 3.4628
1217 3.4614
1218 3.4597
1219 3.4582
1220 3.4565
1221 3.4548
1222 3.453
1223 3.451
1224 3.45
1225 3.4483
1226 3.4471
1227 3.4436
1228 3.4438
1229 3.4418
1230 3.4401
1231 3.4374
1232 3.4358
1233 3.4343
1234 3.4332
1235 3.4314
1236 3.4301
1237 3.4277
1238 3.4269
1239 3.4254
1240 3.4227
1241 3.4219
1242 3.4175
1243 3.4163
1244 3.4154
1245 3.4131
1246 3.4111
1247 3.4102
1248 3.4087
1249 3.4072
1250 3.4057
1251 3.4044
1252 3.4018
1253 3.4002
1254 3.399
1255 3.3976
1256 3.3961
1257 3.3934
1258 3.3912
1259 3.389
1260 3.3874
1261 3.3851
1262 3.3832
1263 3.3815
1264 3.38
1265 3.3781
1266 3.3767
1267 3.3752
1268 3.3729
1269 3.3714
1270 3.3732
1271 3.3722
1272 3.3706
1273 3.3693
1274 3.3678
1275 3.3665
1276 3.3649
1277 3.3633
1278 3.362
1279 3.36
1280 3.358
1281 3.3555
1282 3.354
1283 3.3536
1284 3.3515
1285 3.3508
1286 3.3484
1287 3.347
1288 3.3446
1289 3.344
1290 3.3423
1291 3.3406
1292 3.3391
1293 3.3377
1294 3.3359
1295 3.3347
1296 3.333
1297 3.3313
1298 3.3286
1299 3.3278
1300 3.3282
1301 3.3257
1302 3.3241
1303 3.3219
1304 3.3223
1305 3.3203
1306 3.3189
1307 3.3164
1308 3.3154
1309 3.3128
1310 3.312
1311 3.3106
1312 3.3087
1313 3.3074
1314 3.3048
1315 3.3042
1316 3.301
1317 3.3003
1318 3.298
1319 3.2952
1320 3.2932
1321 3.292
1322 3.2895
1323 3.2873
1324 3.2858
1325 3.2836
1326 3.2818
1327 3.2807
1328 3.2792
1329 3.2775
1330 3.2737
1331 3.275
1332 3.273
1333 3.2725
1334 3.2707
1335 3.2699
1336 3.268
1337 3.2668
1338 3.2645
1339 3.2634
1340 3.2618
1341 3.2604
1342 3.2585
1343 3.2571
1344 3.2554
1345 3.2545
1346 3.2526
1347 3.2504
1348 3.2482
1349 3.247
1350 3.2447
1351 3.2438
1352 3.242
1353 3.2401
1354 3.239
1355 3.2373
1356 3.2354
1357 3.2332
1358 3.2318
1359 3.2301
1360 3.2277
1361 3.2259
1362 3.2246
1363 3.2236
1364 3.2218
1365 3.2193
1366 3.2178
1367 3.2157
1368 3.2147
1369 3.2129
1370 3.2119
1371 3.2101
1372 3.2082
1373 3.2068
1374 3.2054
1375 3.2042
1376 3.2035
1377 3.2017
1378 3.201
1379 3.1983
1380 3.1923
1381 3.1898
1382 3.1877
1383 3.1874
1384 3.1849
1385 3.072
1386 3.1837
1387 2.9237
1388 3.1852
1389 3.1816
1390 3.1804
1391 3.1795
1392 3.1776
1393 3.1756
1394 3.1744
1395 3.1725
1396 3.172
1397 3.1697
1398 3.1691
1399 3.1678
1400 3.1662
1401 3.1648
1402 3.1628
1403 3.1619
1404 3.1609
1405 3.1597
1406 3.1571
1407 3.1549
1408 3.1535
1409 3.1531
1410 3.1495
1411 3.149
1412 3.1477
1413 3.1461
1414 3.1443
1415 3.1425
1416 3.1404
1417 3.1393
1418 3.1378
1419 3.1358
1420 3.1342
1421 3.1327
1422 3.1306
1423 3.1288
1424 3.1266
1425 3.1251
1426 3.1242
1427 3.1215
1428 3.1205
1429 3.1186
1430 3.1177
1431 3.1165
1432 3.1144
1433 3.1125
1434 3.1113
1435 3.1092
1436 3.108
1437 3.1061
1438 3.1053
1439 3.1033
1440 3.1018
1441 3.0993
1442 3.0991
1443 3.0965
1444 3.0966
1445 3.0943
1446 3.0933
1447 3.091
1448 3.0894
1449 3.0873
1450 3.0858
1451 3.0849
1452 3.0825
1453 3.0813
1454 3.0802
1455 3.0783
1456 3.077
1457 3.0759
1458 3.0738
1459 3.0729
1460 3.0709
1461 3.0696
1462 3.0689
1463 3.0674
1464 3.0652
1465 3.064
1466 3.0629
1467 3.0606
1468 3.0601
1469 3.0582
1470 3.0561
1471 3.0556
1472 3.054
1473 3.0525
1474 3.0506
1475 3.0498
1476 3.0482
1477 3.0464
1478 3.0448
1479 3.0439
1480 3.042
1481 3.04
1482 3.0391
1483 3.0372
1484 3.0354
1485 3.0341
1486 3.0327
1487 3.0311
1488 3.0304
1489 3.029
1490 3.0272
1491 3.0256
1492 3.0249
1493 3.0233
1494 3.0215
1495 3.0205
1496 3.0188
1497 3.0173
1498 3.0163
1499 3.0149
1500 3.0138
1501 3.0121
1502 3.0103
1503 3.0089
1504 3.0078
1505 3.0058
1506 3.0046
1507 3.003
1508 3.0025
1509 2.9995
1510 2.9983
1511 2.9972
1512 2.9957
1513 2.9938
