0.000993013	229.874
.0743743	249.216
.0747947	249.216
0.0525458	249.216
0.0521255	249.216
0.00256872	241.747
0.00314759	150.974
.0720681	247.853
.0717709	247.853
.0719665	247.853
.0719569	247.853
0.00284994	248.213
.259148		179.688
0.00244641	194.246
0.612141	194.246
0.000152588	248.649
0.00472105	193.711
.438168		40.0898
0.00879169	40.0898
.894505		40.0898
.447545		40.0898
.407918		40.0898
0.0390415	40.0898
0.0141344	48.111
0.00771213	49.9741
0.0146172	36.6618
0.019298	50.9997
0.0326653	39.0496
0.032626	39.0496
0.00383443	50.12
0.00136817	49.9439
0.0109613	39.4728
0.0130029	47.0165
0.00128782	456.211
0.431623	499.893
-0.000150822	499.893
0.431688	499.893
-8.6192e-05	499.893
0.431714	499.893
-6.02305e-05	499.893
0.431699	499.893
-7.51838e-05	499.893
0.431525	499.893
-0.000248443	499.893
0.0147306	499.893
-0.417043	499.893
0.0147451	499.893
-0.417029	499.893
0.0147448	499.893
-0.417029	499.893
0.0147222	499.893
-0.417052	499.893
0.0145492	499.893
-0.417225	499.893



